43,46
43,99993
43,241
43,99991
46,241
46,270
46,99993
46,2616
241,270
241,303
270,303
270,339
303,339
303,355
339,355
339,429
339,86049
355,429
355,478
429,478
429,492
478,492
478,498
492,498
492,540
498,540
498,547
540,547
540,627
547,627
547,647
627,647
627,669
647,669
647,679
669,679
669,2507
669,12024
669,83168
679,760
679,772
760,772
760,792
760,21425
772,792
772,810
792,810
792,71647
810,811
810,49056
811,829
811,874
811,16259
829,881
829,25977
874,881
874,1072
881,1072
881,1192
1072,1207
1072,1896
1192,1207
1192,1237
1192,40621
1207,1237
1207,25338
1237,1280
1237,1304
1280,1304
1280,1344
1304,1344
1304,1367
1344,89157
1344,99969
1344,95098
1367,1378
1367,1451
1367,51728
1378,1453
1378,58328
1451,1453
1451,1475
1453,1475
1453,1544
1475,1544
1475,1591
1544,1591
1544,1704
1591,1704
1591,1739
1704,1739
1704,1779
1739,1779
1739,1862
1779,1862
1779,1869
1862,1869
1862,1896
1869,1896
1869,2000
1896,2000
1896,2102
2000,2102
2000,2125
2102,2125
2102,2173
2125,2173
2125,2321
2173,2321
2173,93690
2321,2328
2321,2334
2321,41322
2328,2334
2328,2399
2328,13443
2334,2399
2334,2437
2399,2437
2399,3273
2437,2441
2437,2450
2441,61560
2441,69538
2450,2502
2450,2507
2502,2507
2502,2542
2507,2542
2507,2559
2542,2559
2542,2616
2559,2616
2559,2622
2616,2660
2622,2660
2622,2673
2660,2673
2660,34124
2673,2682
2673,2775
2682,2797
2682,89651
2775,2797
2775,2813
2797,2813
2797,71255
2813,2814
2813,2822
2814,2822
2814,2865
2822,2865
2822,2894
2822,27187
2865,2894
2865,2975
2894,2975
2894,94481
2975,3087
2975,37775
2998,3087
2998,3124
3087,3124
3087,3132
3124,3132
3124,3141
3132,3141
3132,3152
3141,3152
3141,3248
3152,3248
3152,3273
3152,8739
3248,3273
3248,3283
3273,3286
3273,59206
3283,3286
3283,3328
3286,3328
3286,3330
3328,3330
3328,41322
3328,61311
3330,3356
3330,3360
3356,3360
3356,3409
3360,3409
3360,3494
3409,3494
3409,3518
3494,3581
3494,60703
3494,20252
3518,3623
3518,56416
3581,3623
3581,3688
3581,95238
3623,3688
3623,3709
3688,3709
3688,3716
3709,3716
3709,3751
3709,71789
3716,3751
3716,3794
3751,3794
3751,3890
3794,3890
3794,3909
3890,3940
3890,25338
3909,3940
3909,3991
3940,3991
3940,69416
3991,4006
3991,4072
4006,4072
4006,18497
4072,4152
4072,4172
4152,89972
4152,86775
4172,4242
4172,80910
4242,4315
4242,4317
4315,4317
4315,4323
4317,4323
4317,4358
4323,4358
4323,4364
4358,4364
4358,4385
4358,23582
4364,4385
4364,4435
4385,4489
4385,18797
4385,47671
4435,4534
4435,39102
4489,4605
4489,11996
4534,4605
4534,4729
4605,4729
4605,4845
4729,4887
4729,15894
4845,4887
4845,4901
4887,4901
4887,4937
4901,4937
4901,4959
4937,4959
4937,4979
4959,4979
4959,4980
4979,4980
4979,5153
4980,5153
4980,5176
5153,5176
5153,48046
5176,5202
5176,5237
5202,5237
5202,5244
5237,5244
5237,5251
5244,5251
5244,5253
5251,5253
5251,28993
5251,71610
5253,5288
5253,5340
5288,5340
5288,5354
5340,5354
5340,5356
5354,5356
5354,5368
5356,5429
5356,72899
5356,25750
5368,5429
5368,5459
5429,5459
5429,5461
5459,5461
5459,5528
5461,5528
5461,5558
5528,5558
5528,5667
5558,5667
5558,5710
5558,20757
5667,5710
5667,5712
5710,5712
5710,18463
5712,5802
5712,5818
5802,5818
5802,5906
5802,28784
5818,5906
5818,5996
5818,27522
5906,5996
5906,6003
5996,6003
5996,6004
6003,6004
6003,6091
6004,6091
6004,6126
6091,6126
6091,6210
6091,28976
6126,6210
6126,6292
6210,6292
6210,6315
6292,6315
6292,6328
6315,6328
6315,6334
6328,6334
6328,6505
6334,6505
6334,6537
6334,49339
6505,6537
6505,6563
6537,6563
6537,6583
6563,6583
6563,6610
6563,61560
6583,6696
6583,11683
6610,6696
6610,40626
6696,6711
6696,6748
6711,6748
6711,6756
6748,6756
6748,6821
6748,81632
6756,6824
6756,8934
6756,89716
6821,6824
6821,6862
6824,6862
6824,6953
6862,6953
6862,6976
6953,6976
6953,11649
6976,7027
6976,7028
7027,7028
7027,7040
7028,7095
7028,18741
7040,7095
7040,7138
7040,28709
7095,7138
7095,7153
7138,7153
7138,7157
7153,7157
7153,7159
7157,7159
7157,7160
7159,7160
7159,12845
7159,95353
7160,7263
7160,7339
7263,7339
7263,7364
7263,92587
7339,7364
7339,7379
7364,7379
7364,7462
7364,18195
7379,7462
7379,7541
7462,7541
7462,7585
7541,7585
7541,7586
7585,7586
7585,7592
7586,7592
7586,7607
7592,7607
7592,7633
7607,7633
7607,7639
7633,7639
7633,7692
7639,7692
7639,7713
7692,7713
7692,7716
7692,87637
7713,7716
7713,7727
7716,7727
7716,7740
7727,7740
7727,7820
7740,7820
7740,7837
7820,7837
7820,7904
7820,77394
7837,7904
7837,7932
7904,7932
7904,7950
7932,7950
7932,61993
7950,8021
7950,8030
8021,8030
8021,8034
8030,8034
8030,8075
8034,8075
8034,8086
8034,24904
8075,8120
8075,36011
8075,11539
8086,8197
8086,28709
8120,8197
8120,8274
8197,8274
8197,8329
8274,8329
8274,8436
8274,53871
8329,8436
8329,8480
8436,8480
8436,8537
8480,8537
8480,61048
8537,8546
8537,8563
8546,8563
8546,8574
8563,8574
8563,8667
8574,8667
8574,8697
8574,78282
8667,8697
8667,8739
8697,8739
8697,72198
8739,8755
8747,8755
8747,8818
8747,41104
8755,8874
8755,25990
8755,22901
8818,8874
8818,27699
8818,45983
8874,8926
8874,8934
8926,8934
8926,8965
8934,8965
8934,72959
8965,9075
8965,9101
9075,9101
9075,60703
9101,9110
9101,9116
9110,9116
9110,9183
9116,9183
9116,9211
9183,9211
9183,9242
9211,9242
9211,9254
9242,9254
9242,9312
9254,9312
9254,95369
9312,9369
9312,9421
9369,9421
9369,9424
9369,21394
9421,9424
9421,9441
9424,9441
9424,9513
9441,9513
9441,9554
9513,9554
9513,9654
9554,9654
9554,9667
9654,9667
9654,9734
9667,9734
9667,9753
9734,9753
9734,9834
9734,47384
9753,9834
9753,9879
9834,9879
9834,75496
9879,9880
9879,9917
9880,9917
9880,9962
9917,9962
9917,10067
9962,10067
9962,11784
10067,10113
10067,10133
10113,10133
10113,10158
10133,10158
10133,10159
10158,10159
10158,10168
10159,10168
10159,67390
10168,10205
10168,10240
10168,50461
10168,75982
10205,30015
10205,13967
10240,10348
10240,10437
10348,10437
10348,10549
10348,75768
10437,10549
10437,10555
10549,10555
10549,10571
10555,10571
10555,42332
10571,10600
10571,10681
10600,10681
10600,10695
10681,10695
10681,10737
10681,84356
10695,10737
10695,10759
10737,10759
10737,10779
10737,29650
10759,10779
10759,10876
10779,10876
10779,10888
10876,10888
10876,10923
10888,10930
10888,13916
10923,10930
10923,10959
10930,10959
10930,10967
10959,10967
10959,11019
10959,45974
10959,53368
10967,11019
10967,82794
11019,11083
11019,11214
11083,11214
11083,11252
11214,11252
11214,11262
11252,11262
11252,11298
11262,11298
11262,11308
11298,11308
11298,11313
11298,40626
11308,11313
11308,11351
11313,11351
11313,11397
11313,65362
11351,11397
11351,11400
11351,52006
11397,11400
11397,11431
11400,11431
11400,11493
11431,11493
11431,11539
11493,11568
11493,56608
11539,11568
11568,11576
11568,11609
11576,11609
11576,11649
11609,11649
11609,62836
11649,11683
11649,11684
11683,11699
11683,95764
11684,11699
11684,11714
11699,11714
11699,11725
11714,11725
11714,11726
11725,11726
11725,11742
11726,27092
11726,27654
11742,11784
11742,11810
11784,11810
11784,11849
11810,11859
11810,68330
11849,11859
11849,11874
11859,11874
11859,11880
11874,11880
11874,11919
11880,11919
11880,11996
11919,11996
11919,12024
11996,12024
11996,12062
11996,99143
12024,12062
12062,12077
12062,12098
12077,12098
12077,12100
12098,12100
12098,12200
12100,12200
12100,12208
12200,12208
12200,12305
12208,12305
12208,44007
12305,12349
12305,12383
12349,12383
12349,12401
12349,38146
12383,12401
12383,12486
12401,12486
12401,12533
12486,12533
12486,12571
12533,12571
12533,12594
12571,12594
12571,12608
12594,12608
12594,12640
12608,12640
12608,12702
12640,12702
12640,12720
12640,19799
12702,12720
12702,12737
12720,12737
12720,12739
12737,12739
12737,12807
12739,12845
12739,28812
12807,66822
12807,25448
12845,76135
12845,47916
12924,14548
12924,16209
12955,13019
12955,13044
13019,13044
13019,13097
13044,13097
13044,13098
13097,13098
13097,13111
13098,13111
13098,13118
13111,13118
13111,13168
13118,13168
13118,13237
13168,13237
13168,13244
13237,13244
13237,13329
13244,13329
13244,13389
13329,13389
13329,13397
13389,13397
13389,13399
13397,13399
13397,13443
13397,57526
13399,13443
13399,13500
13443,13576
13500,13576
13500,13631
13576,13631
13576,13655
13631,13655
13631,13710
13655,13710
13655,13724
13710,13724
13710,13758
13724,13758
13724,13774
13758,13774
13758,37485
13774,13844
13774,13902
13844,13902
13844,13916
13902,13916
13902,13932
13916,13937
13916,68361
13932,13937
13932,13948
13937,13948
13937,13967
13937,93084
13948,13967
13948,13990
13967,13990
13967,13996
13990,13996
13990,14080
13996,14080
13996,14093
14080,14093
14080,14177
14093,14177
14093,14195
14177,14195
14177,14246
14177,67123
14195,14246
14195,14251
14246,14251
14246,14262
14251,14262
14251,14311
14262,14311
14262,14327
14311,14327
14311,14328
14327,14328
14327,65824
14328,14334
14328,14390
14328,79234
14334,14390
14334,71872
14390,14408
14390,14446
14408,14446
14408,14464
14446,14464
14446,14475
14464,14475
14464,14548
14475,14548
14475,14555
14548,14555
14548,24303
14555,14575
14555,14583
14575,14609
14575,21737
14583,14609
14583,14650
14609,14650
14609,14652
14650,14652
14650,14661
14652,14661
14652,14763
14661,14763
14661,14775
14763,14775
14763,14801
14775,14801
14775,14890
14775,88279
14801,14890
14801,14902
14890,14902
14890,14932
14902,14932
14902,14976
14902,19577
14932,14976
14932,15016
14976,15121
14976,16388
15016,15121
15016,15143
15121,15143
15121,15170
15143,15170
15143,15217
15170,15217
15170,15242
15217,15242
15217,15268
15242,15268
15242,15341
15268,15341
15268,15351
15341,15351
15341,15405
15351,15405
15351,15432
15405,15432
15405,15458
15405,36912
15432,15458
15432,15482
15458,15482
15458,15501
15482,15501
15482,15540
15501,15540
15501,15549
15540,15557
15540,27431
15549,15557
15549,15704
15557,15788
15557,25777
15704,15788
15704,15797
15788,15797
15788,15894
15797,15894
15797,45857
15797,45889
15894,15955
15894,69401
15947,15955
15947,99232
15955,15976
15955,16009
15976,16009
15976,16013
16009,16013
16009,16047
16013,16047
16013,16073
16047,16073
16047,16113
16047,96845
16073,16113
16073,16164
16113,16164
16113,16209
16164,16209
16164,16250
16209,16250
16209,16257
16209,26189
16250,16257
16250,16259
16257,16259
16257,16260
16259,34876
16260,16272
16260,16280
16272,16280
16272,60860
16280,80340
16280,75562
16280,50481
16295,16302
16295,16352
16302,16352
16302,16388
16352,16388
16352,16505
16388,16505
16388,16533
16505,16533
16505,16538
16533,16538
16533,16554
16538,16554
16538,72998
16554,16618
16554,16639
16618,16639
16618,16676
16639,16714
16639,93701
16676,16714
16676,28484
16714,16783
16714,16786
16783,16786
16783,16830
16786,16830
16786,16845
16830,16845
16830,16890
16830,37751
16845,16890
16845,16902
16890,16902
16890,16932
16902,16932
16902,16971
16932,16971
16932,17129
16971,17129
16971,17181
16971,99906
17129,17181
17129,17187
17181,17187
17181,17213
17187,17213
17187,17290
17213,17290
17213,17418
17290,17418
17290,17477
17418,17477
17418,17497
17418,76754
17477,17497
17477,17525
17497,17525
17497,17531
17525,17531
17525,17569
17531,17569
17531,33765
17569,17578
17569,17611
17578,17611
17578,17618
17611,17732
17611,31710
17618,17732
17618,17746
17732,17746
17732,17801
17746,17801
17746,17804
17801,17804
17801,17838
17804,17838
17804,17853
17838,17853
17838,17854
17853,17854
17853,63422
17854,17900
17854,17963
17900,17963
17900,17978
17963,17978
17963,18042
17978,18042
17978,18089
18042,18089
18042,18137
18089,18137
18089,18182
18137,18182
18137,18183
18182,18183
18182,18195
18182,81274
18183,18245
18183,41551
18195,18245
18195,51600
18245,18279
18245,18314
18279,18314
18279,18350
18314,18350
18314,18388
18314,84590
18350,18388
18350,18463
18388,18463
18388,18480
18388,76985
18463,18480
18463,18497
18480,18497
18480,18569
18480,55990
18497,18569
18497,20716
18569,87560
18569,31090
18569,80539
18576,18605
18576,18636
18605,18636
18605,18666
18636,18666
18636,18712
18666,18712
18666,18741
18712,18741
18712,30066
18741,18797
18741,62798
18797,18822
18797,18825
18822,18825
18822,18870
18822,77743
18822,98846
18825,18870
18825,18908
18825,85216
18870,18908
18870,18922
18908,18922
18908,18971
18922,18971
18922,19009
18971,19009
18971,19079
19009,19079
19009,19118
19079,19137
19079,52489
19079,45169
19118,19137
19118,19169
19137,19169
19137,19259
19137,78282
19169,19259
19169,19262
19169,22062
19259,19262
19259,19293
19259,86182
19262,19293
19262,73945
19293,19324
19293,19345
19324,19345
19324,19509
19345,19509
19345,19525
19509,19525
19509,19550
19525,19550
19525,19577
19550,19577
19550,19613
19577,19657
19613,19724
19613,79117
19657,19724
19657,19728
19724,19728
19724,19735
19728,19752
19728,72998
19735,19752
19735,19785
19752,19785
19752,19799
19752,65429
19785,19799
19785,19850
19799,60860
19850,19872
19850,19902
19872,19902
19872,19950
19902,19950
19902,20029
19950,20029
19950,20043
20029,20043
20029,20055
20043,20055
20043,20149
20055,20149
20055,20158
20149,20158
20149,20178
20158,20178
20158,49710
20178,20224
20178,20252
20224,20252
20224,20454
20252,20454
20454,20510
20454,20578
20510,20578
20510,43250
20578,20641
20578,20645
20641,20645
20641,20716
20645,20716
20645,20757
20716,20757
20716,20763
20757,20763
20763,20780
20763,20855
20780,20855
20780,20874
20855,20980
20855,42438
20874,20980
20874,21016
20980,21030
20980,58837
21016,21030
21016,21037
21030,21037
21030,21096
21037,21096
21037,21198
21096,21198
21096,21209
21198,21209
21198,21231
21209,21231
21209,21266
21231,21266
21231,21269
21266,21269
21266,21289
21269,21289
21269,21377
21289,21377
21289,89646
21377,21394
21377,21425
21394,21425
21425,21478
21478,21564
21478,66353
21564,21575
21564,21699
21575,21699
21575,21733
21699,21733
21699,21737
21699,37970
21733,21737
21733,21785
21737,21785
21737,21824
21785,21824
21785,21829
21824,21829
21824,21857
21829,21857
21829,21892
21857,21892
21857,21948
21892,57607
21892,68568
21948,22024
21948,22062
21948,26978
22024,22062
22024,22151
22062,41336
22151,22258
22151,22293
22258,22293
22258,22353
22293,22353
22293,22421
22353,22421
22353,22442
22421,22442
22421,22492
22442,22492
22442,22544
22492,22544
22492,22568
22544,22568
22544,22608
22568,22608
22568,22616
22608,22616
22608,22655
22616,22655
22616,22670
22655,22670
22655,22700
22655,92356
22670,22700
22670,22733
22670,91427
22700,22733
22700,22806
22733,22806
22733,33150
22806,22872
22806,22901
22872,22901
22872,22973
22901,22973
22973,23011
22973,23038
23011,23038
23011,23039
23038,23051
23038,41927
23038,31232
23039,23051
23039,23065
23051,23126
23051,74670
23065,23126
23065,23128
23126,23128
23126,23179
23126,52017
23128,23179
23128,23197
23179,23197
23179,23230
23197,23244
23197,77516
23230,23244
23230,23303
23244,23303
23244,23316
23303,23316
23303,23336
23316,23336
23316,23365
23336,23365
23336,23371
23365,23371
23365,23433
23371,23433
23371,23531
23433,23531
23433,23543
23531,23543
23531,23577
23543,23582
23543,88735
23543,30706
23577,23582
23577,23586
23582,23586
23586,23675
23586,23746
23675,23746
23675,23797
23746,23797
23746,23879
23797,23879
23797,23917
23879,23917
23879,23923
23917,23923
23917,24049
23923,24049
23923,24061
24049,24061
24049,24111
24061,24111
24061,24150
24061,40986
24111,24150
24111,24161
24150,24161
24150,24164
24161,24164
24161,24192
24161,74449
24164,24192
24164,24303
24164,94597
24192,24303
24192,25553
24303,24319
24303,24334
24303,68785
24319,24334
24319,24344
24334,24344
24334,24353
24344,24353
24344,24394
24353,24394
24353,24500
24394,24500
24394,24541
24500,24541
24500,24557
24541,24557
24541,24659
24557,24659
24557,24668
24659,24668
24659,24672
24668,24672
24668,24677
24672,24677
24672,24743
24672,83197
24677,24743
24677,33345
24677,24980
24743,24759
24743,24791
24743,75055
24759,24791
24759,24825
24791,24825
24791,24876
24825,24876
24825,24885
24876,24885
24876,24904
24885,24904
24885,24928
24885,59920
24904,24928
24928,24949
24928,24980
24949,24980
24949,25148
24980,25148
24980,25232
24980,33964
25148,25232
25148,25283
25232,25283
25232,25320
25283,25320
25283,25325
25320,25325
25320,25338
25320,52252
25325,25442
25325,56806
25338,25442
25338,25448
25442,25448
25442,25553
25448,25553
25448,25562
25553,25562
25553,25595
25562,25595
25562,25601
25595,25601
25595,55755
25601,80456
25601,62733
25623,25628
25623,25632
25628,25632
25628,25665
25632,25665
25632,25681
25665,25681
25665,25703
25681,25703
25681,25710
25703,25710
25703,25744
25710,25744
25710,25750
25744,25750
25744,25759
25750,25759
25759,25765
25759,25777
25765,25777
25765,25785
25777,25785
25777,25804
25785,25804
25785,25902
25804,25902
25804,25944
25902,25944
25902,25945
25944,25945
25944,25946
25945,25956
25945,63537
25946,25956
25946,25974
25956,25974
25956,25977
25974,25977
25974,25990
25977,25990
25977,86541
25990,25999
25990,26044
25990,27081
25999,26044
25999,26055
26044,26055
26044,26156
26044,77743
26044,79117
26055,26156
26055,26189
26156,26189
26156,26190
26156,58295
26189,26217
26190,26217
26190,26256
26217,26256
26217,26328
26256,26328
26256,26352
26328,26352
26328,26371
26352,26371
26352,26453
26352,29841
26371,26453
26371,26465
26453,26465
26453,26520
26465,26520
26465,26618
26520,26618
26520,26743
26618,26743
26618,26829
26743,26882
26743,77701
26829,26882
26829,26901
26882,26901
26882,39538
26901,26944
26901,26973
26944,26973
26944,26978
26973,26978
26973,27016
26973,57560
26973,36406
26978,77246
27016,27026
27016,27054
27026,27054
27026,27066
27026,28942
27054,27066
27054,27081
27066,84618
27066,82863
27081,27168
27092,27168
27092,27171
27168,27174
27168,87295
27168,80767
27171,27174
27171,27187
27174,27187
27174,27191
27187,27191
27191,27267
27191,27276
27267,27276
27267,27283
27276,27283
27276,27292
27276,33261
27283,27315
27283,43152
27283,55535
27292,27431
27292,98305
27315,27431
27315,27460
27431,27460
27431,27480
27460,27480
27460,27504
27460,43084
27480,27504
27480,27522
27504,27522
27504,27604
27522,27604
27604,27644
27604,51373
27642,27644
27642,27654
27644,27654
27644,27655
27654,27655
27654,27699
27655,27699
27655,27716
27699,27793
27699,54214
27716,27793
27716,27806
27793,27806
27793,27819
27806,27819
27806,27835
27819,27835
27819,27839
27835,27839
27835,46637
27839,27958
27839,28016
27958,28016
27958,28026
27958,80665
28016,28026
28016,28083
28026,28083
28026,28106
28083,28106
28083,28107
28083,92356
28106,28107
28106,28118
28106,87930
28107,28118
28107,28119
28118,28119
28118,28145
28118,28976
28119,28145
28119,28157
28145,28157
28145,28223
28157,28223
28157,28255
28223,28255
28223,28297
28255,28297
28255,28425
28297,28425
28297,28452
28425,28452
28425,78791
28452,28484
28452,28488
28484,28488
28484,28507
28488,28507
28488,28682
28507,28682
28507,28709
28682,28709
28682,28761
28709,28761
28761,28784
28761,28786
28784,75196
28786,28798
28786,28812
28798,28812
28798,28869
28812,28876
28812,31592
28869,28876
28869,28897
28876,28897
28876,48376
28897,28941
28897,28942
28941,28942
28941,28946
28941,95859
28942,28976
28946,28976
28946,28978
28978,28993
28978,29019
28993,29019
28993,99407
28993,75654
29019,29023
29019,29046
29023,29169
29023,98033
29046,29169
29046,29175
29169,29175
29169,29180
29175,29180
29175,29207
29180,29207
29180,29234
29207,29234
29207,29268
29234,29268
29234,29311
29268,29311
29268,29315
29311,29315
29311,29399
29315,29399
29315,29457
29399,29463
29399,49863
29457,29463
29457,29491
29463,29491
29463,29618
29491,29619
29491,53658
29618,29619
29618,29650
29618,73307
29619,29650
29619,29679
29650,29679
29679,29718
29679,29724
29718,29727
29718,64238
29724,29727
29724,29786
29724,73392
29727,29786
29727,29841
29786,29841
29786,29853
29841,29947
29853,29947
29853,30015
29853,60860
29947,30015
29947,30023
30015,30023
30015,77743
30023,30066
30023,30113
30066,30113
30066,30124
30113,30124
30113,30140
30124,30140
30124,30208
30140,30208
30140,30288
30208,30288
30208,30329
30288,30329
30288,30366
30329,30366
30329,30373
30366,30373
30366,30375
30373,30375
30373,30378
30375,30378
30375,30388
30378,30418
30378,57297
30388,30418
30388,30480
30418,30480
30418,30547
30480,30547
30480,30675
30547,30675
30547,30678
30675,30678
30675,30706
30678,30706
30678,30830
30706,30830
30830,30871
30830,30929
30871,30929
30871,30954
30929,30954
30929,30985
30954,30985
30954,30990
30985,30990
30985,30993
30990,30993
30990,30995
30993,30995
30993,66342
30995,31037
30995,31050
31037,31050
31037,31080
31050,31080
31050,31090
31080,31090
31080,31190
31080,58554
31090,31232
31190,31232
31190,31363
31232,31363
31363,31365
31363,31397
31365,31397
31365,31419
31397,31419
31397,31425
31419,31425
31419,31442
31425,31442
31425,31474
31442,31474
31442,31505
31474,31505
31474,31583
31505,31583
31505,31592
31583,31592
31583,31622
31592,31622
31592,31638
31622,31638
31622,31682
31638,31710
31638,51629
31682,31710
31682,31773
31710,31842
31710,81389
31773,31842
31773,76275
31842,31961
31842,32025
31961,32025
31961,32043
32025,32043
32025,32053
32043,32053
32043,32095
32053,32095
32053,32243
32095,32243
32095,92818
32243,32249
32243,32288
32243,46772
32249,32288
32249,32338
32249,43645
32288,32338
32288,32383
32338,32383
32338,32458
32383,32458
32383,32482
32458,32482
32458,32607
32482,32607
32482,32676
32607,32676
32607,32697
32676,32697
32676,32794
32697,32794
32697,32850
32794,32850
32794,88265
32850,32956
32850,32993
32956,32993
32956,32997
32993,32997
32993,33015
32997,33015
32997,33069
33015,33069
33015,33085
33069,33085
33069,33112
33085,33112
33085,33125
33112,33125
33112,85043
33125,33150
33125,33261
33125,75562
33150,33261
33150,33308
33150,73704
33261,33308
33308,33345
33308,33435
33345,35979
33435,33437
33435,33460
33437,33460
33437,33504
33460,33504
33460,33572
33504,33572
33504,33592
33504,72961
33572,33592
33572,33634
33572,67399
33592,33634
33592,33672
33592,90270
33634,33672
33634,33703
33634,43808
33672,33718
33672,82647
33703,86981
33703,73986
33718,33722
33718,33735
33722,33735
33722,89238
33735,33765
33735,33802
33765,33802
33765,33831
33802,33831
33802,33852
33831,33852
33831,33856
33852,33856
33852,33893
33856,33893
33856,33951
33893,33951
33893,55221
33951,33960
33951,33964
33960,33983
33960,77507
33964,34000
33964,57093
33983,34000
33983,34028
34000,34028
34000,34044
34028,34044
34028,34046
34044,34046
34044,34095
34046,34095
34046,97119
34095,34123
34095,34124
34123,34124
34123,34207
34124,34298
34124,80539
34124,75720
34124,97523
34207,34298
34207,34384
34298,34384
34298,34516
34384,34516
34384,34528
34516,34528
34516,34547
34528,34547
34528,34571
34547,34571
34547,34583
34571,34583
34571,34625
34571,74278
34583,34625
34583,34628
34625,34628
34625,34656
34628,34705
34628,84297
34656,34705
34656,34751
34705,34751
34705,34826
34751,34826
34751,34847
34826,34847
34826,34876
34847,34876
34847,34886
34876,34886
34876,34978
34886,34978
34886,57851
34978,35083
34978,35212
34978,41449
35083,35212
35083,35215
35212,35215
35212,35233
35215,35239
35215,73986
35233,35239
35233,35266
35239,35266
35239,35286
35266,35286
35266,35365
35286,35365
35286,35415
35286,45049
35365,35415
35365,35445
35415,35453
35415,79595
35445,35453
35445,35465
35453,35533
35453,80173
35465,35533
35465,35591
35533,35591
35533,35609
35591,35609
35591,35625
35609,35625
35609,35646
35609,73603
35625,35646
35625,35718
35646,35718
35646,35902
35718,35902
35718,35962
35902,35962
35902,35979
35902,78827
35962,35979
35962,35995
35962,78080
35979,35995
35979,36008
35995,36008
35995,36011
36008,36011
36008,36020
36008,54465
36011,36020
36011,36041
36020,36041
36020,36152
36041,36152
36041,36190
36152,36190
36152,36192
36190,36192
36190,36196
36192,36196
36192,36234
36196,36234
36196,36245
36234,36245
36234,99810
36234,89101
36245,36287
36245,36349
36287,36349
36287,36384
36349,36384
36349,36406
36384,36406
36384,36454
36384,85353
36406,36454
36454,36503
36454,37250
36503,36525
36503,36622
36525,36622
36525,36732
36622,36732
36622,36782
36732,36782
36732,36810
36732,69904
36782,36810
36782,36820
36810,36820
36810,36864
36820,36864
36820,36872
36864,36872
36864,36903
36872,36903
36872,36912
36872,71170
36903,36912
36903,72126
36912,36949
36949,36984
36949,37068
36984,37068
36984,37099
37068,37099
37068,37115
37099,37115
37099,37179
37115,37179
37115,37184
37179,37184
37179,37236
37184,37236
37184,37250
37236,37250
37236,37291
37250,37291
37250,37374
37291,37374
37291,37436
37374,37436
37374,37453
37374,66258
37436,37453
37436,37485
37453,37485
37453,37512
37485,37512
37485,37547
37512,37547
37512,37557
37512,55284
37547,37557
37547,37561
37557,37561
37557,37562
37561,37562
37561,37589
37562,37589
37562,37633
37589,37633
37589,37710
37589,73119
37633,37710
37633,37751
37633,41595
37710,37751
37710,37775
37751,37793
37775,37793
37775,37798
37793,37798
37793,37833
37798,37833
37798,37856
37833,37856
37833,37862
37856,37862
37856,37907
37862,37907
37862,37952
37907,37952
37907,37970
37952,37970
37952,38038
37970,38058
38038,38058
38038,38146
38058,38146
38058,38449
38146,38449
38449,38478
38449,38512
38449,98239
38478,38512
38478,38546
38512,38645
38512,98774
38546,38645
38546,38722
38645,38722
38645,38742
38722,38742
38722,53910
38742,38746
38742,38754
38746,38754
38746,38783
38754,38783
38754,38867
38783,38867
38783,38897
38867,38897
38867,38899
38897,38899
38897,38936
38899,38936
38899,38948
38936,38948
38936,38951
38948,38951
38948,38984
38951,38984
38951,38996
38984,38996
38984,39002
38996,39013
38996,80682
39002,39013
39002,39087
39002,56879
39013,39087
39013,39102
39087,39102
39087,39186
39102,39203
39102,44007
39186,39203
39186,39221
39203,39221
39203,39301
39221,39301
39221,39341
39301,39341
39301,39382
39341,39411
39341,93489
39382,39411
39382,39422
39411,39422
39411,39481
39422,39481
39422,39484
39481,39484
39481,39538
39484,39538
39484,39615
39538,39615
39538,39622
39615,39622
39615,39717
39622,39717
39622,39727
39717,39727
39717,39786
39727,39786
39727,39889
39786,39889
39786,40067
39889,40067
39889,40081
40067,40081
40067,40084
40081,40084
40081,40129
40084,40129
40084,40201
40129,40201
40129,40247
40201,40247
40201,40248
40247,40248
40247,56552
40248,40252
40248,40303
40252,40303
40252,40392
40252,41155
40303,40392
40303,65968
40392,40396
40392,40484
40392,89223
40396,40484
40396,40520
40484,40520
40484,40539
40520,40579
40520,85257
40539,40579
40539,64399
40579,40597
40579,40605
40597,40605
40597,40621
40605,40621
40605,40626
40621,40672
40626,40801
40672,40801
40672,40811
40801,40811
40801,40841
40811,40841
40811,40905
40841,40905
40841,40938
40905,40938
40905,40943
40938,40943
40938,40986
40943,40986
40943,41059
40986,41104
41059,41104
41059,41119
41104,41119
41119,41155
41119,41266
41155,41266
41266,41270
41266,41291
41270,41291
41270,41322
41291,41322
41291,41336
41336,41353
41336,41449
41353,41449
41353,41462
41353,43249
41353,80456
41449,41462
41462,41511
41462,41551
41511,41551
41511,41595
41551,41595
41551,41626
41595,41657
41626,41695
41626,54668
41626,95098
41657,41695
41657,41745
41695,41745
41695,41751
41745,41751
41745,41787
41745,94946
41745,63537
41751,41787
41751,41798
41787,41798
41787,41867
41787,80717
41798,41867
41798,41898
41867,41898
41867,41927
41898,41927
41898,41929
41927,41929
41927,41968
41929,41968
41929,41978
41968,41978
41968,42022
41978,42022
41978,42108
42022,42108
42022,42177
42108,42177
42108,42234
42177,42234
42177,42313
42234,42313
42234,42332
42234,50447
42313,42332
42313,42395
42332,42395
42332,42438
42395,42438
42395,42485
42438,42485
42438,42499
42485,42499
42485,42509
42499,42509
42499,82728
42509,42656
42509,42735
42656,42735
42656,42894
42735,42894
42735,42901
42894,42901
42894,42931
42901,42931
42901,43082
42931,43082
42931,43084
43082,43084
43082,43085
43084,43085
43085,43152
43085,43181
43152,43181
43152,43232
43181,43249
43181,68969
43232,43249
43232,43250
43249,55087
43250,43285
43250,43316
43285,43316
43285,43344
43316,43344
43316,43400
43344,43481
43344,80572
43400,43481
43400,43510
43481,43510
43481,43518
43510,43518
43510,43579
43518,43579
43518,43645
43579,43645
43579,43664
43645,43664
43664,43779
43664,76872
43776,43779
43776,43808
43779,43808
43779,43850
43808,43850
43850,43887
43850,43956
43887,43956
43887,43968
43956,43968
43956,44007
43968,44007
43968,44141
44007,44141
44007,44149
44141,44149
44141,44153
44149,44153
44149,44169
44153,44169
44153,44248
44169,44248
44169,44281
44248,44281
44248,44378
44281,44378
44281,44433
44378,44433
44378,44440
44433,44440
44433,44513
44440,44513
44440,44558
44513,44558
44513,44659
44558,44659
44558,44745
44659,44745
44659,44765
44659,87923
44745,44765
44745,44782
44745,52428
44765,44782
44765,44809
44782,44809
44782,44831
44809,44831
44809,44836
44831,44836
44831,44935
44836,44935
44836,45040
44935,45040
44935,45049
44935,88195
45040,45049
45040,45074
45049,45074
45074,45141
45074,45169
45141,45169
45141,45238
45169,45238
45238,45292
45238,45359
45292,45359
45292,45377
45292,69043
45359,45377
45359,45448
45377,45448
45377,45566
45448,45566
45448,45625
45566,45625
45566,45673
45625,45703
45625,75847
45673,45703
45673,45782
45703,45782
45703,45811
45782,45811
45782,45843
45811,45843
45811,45857
45843,45889
45843,82794
45857,45964
45889,45964
45889,45974
45889,52348
45964,45974
45964,45983
45974,46014
45983,46014
46014,46099
46014,46221
46099,46221
46099,46241
46221,46241
46221,80735
46221,97465
46241,46273
46241,46288
46273,46288
46273,46343
46288,46343
46288,46348
46343,46348
46343,46355
46348,46355
46348,46427
46355,46427
46355,46534
46427,46534
46427,46556
46534,46556
46534,46574
46556,46574
46556,46606
46574,46606
46574,46609
46606,46609
46606,46637
46606,50088
46609,46637
46609,46652
46637,46652
46637,46684
46652,46684
46652,46772
46684,46772
46684,46791
46772,46791
46791,46953
46791,84590
46846,46953
46846,46990
46953,46990
46953,46998
46990,46998
46990,47030
46998,47030
46998,47106
47030,47106
47030,47110
47106,47110
47106,47289
47110,47289
47110,47309
47289,47309
47289,47318
47309,47318
47309,47343
47318,47343
47318,54947
47343,47353
47343,47367
47353,47367
47353,47384
47367,47384
47367,47496
47384,47496
47496,47518
47496,47527
47518,47527
47518,47559
47527,47559
47527,47576
47559,47576
47559,47586
47576,47586
47576,47587
47586,47587
47586,47606
47587,47657
47587,98774
47587,76744
47606,47657
47606,93438
47606,86242
47657,47665
47657,47671
47665,47671
47665,47684
47671,47684
47684,47726
47684,47751
47726,47751
47726,47767
47751,47767
47751,47774
47767,47774
47767,47778
47774,47778
47774,47835
47778,47835
47778,47852
47835,47852
47835,47881
47852,47916
47852,89505
47881,47916
47881,47958
47916,47958
47916,48037
47958,48037
47958,48046
48037,48046
48037,48098
48046,48098
48046,48109
48098,48162
48098,79860
48109,48162
48109,72949
48162,48240
48162,48292
48240,48292
48240,48370
48292,48370
48292,48376
48370,48376
48370,48441
48376,48441
48376,48465
48441,48465
48441,48564
48465,48564
48465,48618
48564,48618
48564,48636
48618,48636
48618,48649
48636,48649
48636,48669
48649,48669
48649,48849
48669,48849
48669,48856
48849,48856
48849,48894
48856,49034
48856,94118
48894,49034
48894,49039
49034,49039
49034,49045
49039,49045
49039,49052
49045,49052
49045,49056
49052,49056
49052,49059
49056,49059
49056,49135
49059,49135
49059,49165
49135,49165
49135,49238
49165,49238
49165,49322
49238,49322
49238,49339
49322,49339
49322,49421
49339,49421
49421,49573
49421,49594
49573,49594
49573,49680
49594,49680
49594,49710
49680,49710
49680,49730
49710,49730
49710,49841
49730,49841
49730,49863
49730,58430
49841,49863
49841,49867
49863,49867
49863,49876
49867,49876
49867,49924
49876,49924
49876,49942
49876,68568
49924,49942
49924,49961
49924,88564
49942,49995
49942,63587
49961,49995
49961,50013
49995,50013
49995,50046
50013,50046
50013,50088
50046,50088
50046,50091
50088,56608
50091,50171
50091,50173
50171,50173
50171,50174
50173,50174
50173,50209
50173,56134
50174,50209
50174,50249
50209,50249
50209,50282
50209,92099
50249,50282
50249,50304
50282,50304
50282,50417
50304,50417
50304,50447
50417,50461
50417,85043
50447,50481
50461,50601
50481,50601
50601,50759
50601,50801
50759,50801
50759,50826
50801,50826
50801,50857
50826,50857
50826,50917
50857,50917
50857,50957
50857,99373
50917,50957
50917,51008
50957,51008
50957,51042
51008,51042
51008,51058
51042,51058
51042,51126
51058,51126
51058,81502
51126,51135
51126,51191
51135,51191
51135,51210
51191,51210
51191,51236
51210,51236
51210,72198
51236,51243
51236,51287
51243,51287
51243,51324
51287,51324
51287,51350
51324,51350
51324,51373
51350,51373
51350,92099
51373,51382
51373,51403
51382,51403
51382,51423
51403,51423
51403,90399
51423,51489
51423,51559
51489,51559
51489,53300
51559,51599
51559,51600
51599,51600
51599,51629
51600,51629
51629,51666
51629,51684
51666,51684
51666,81120
51684,51724
51684,51728
51724,51728
51724,51791
51728,51860
51791,51860
51791,51879
51860,51879
51860,51925
51879,51925
51879,51970
51925,51970
51925,52006
51970,52006
51970,52017
52006,52067
52017,73603
52067,52097
52067,52228
52097,52228
52097,52252
52228,52252
52228,52276
52228,90418
52252,52276
52276,52280
52276,52298
52280,52298
52280,52348
52298,52348
52298,52428
52348,52465
52348,63173
52428,52465
52428,78867
52465,52477
52465,52486
52477,52486
52477,52489
52486,52489
52486,52501
52489,52501
52489,52667
52501,52667
52501,52730
52667,52730
52667,52810
52730,52810
52730,52837
52810,52837
52810,52841
52837,52841
52837,52934
52841,52934
52841,52968
52934,52968
52934,52986
52934,85616
52968,52986
52968,52999
52986,52999
52986,53085
52999,53085
52999,53195
53085,53195
53085,53300
53195,53300
53195,53345
53300,53345
53300,53349
53345,53349
53345,53368
53349,53368
53349,53369
53368,53369
53369,53406
53369,53452
53406,53452
53406,53569
53452,53569
53452,53629
53569,53646
53569,99835
53629,53646
53629,53658
53646,53658
53646,53682
53658,53682
53658,53700
53682,53762
53682,89486
53700,53762
53700,53871
53762,53871
53762,53910
53762,70715
53762,69544
53871,54030
53910,54030
53910,54072
54030,54072
54030,54165
54072,54165
54072,54190
54072,91585
54165,54190
54165,54209
54190,54209
54190,54214
54209,54214
54209,54243
54214,54243
54214,54295
54243,54295
54243,54296
54243,64679
54295,54296
54295,54338
54296,54338
54296,54465
54338,54465
54338,54473
54465,54473
54473,54479
54473,54489
54479,54489
54479,81870
54489,54536
54489,54606
54536,54606
54536,54633
54606,54633
54606,54668
54633,54668
54633,54909
54668,54909
54668,54912
54909,54912
54909,54923
54912,54923
54912,54947
54923,54947
54923,54973
54947,54973
54947,54990
54973,54990
54973,54991
54990,54991
54990,54995
54990,75294
54991,54995
54991,55034
54995,55034
54995,55037
55034,55037
55034,55084
55037,55084
55037,55087
55084,55087
55084,55175
55087,55175
55087,55221
55087,55793
55175,55221
55175,55284
55221,55284
55221,55303
55284,55303
55303,55320
55303,55328
55320,55328
55320,55338
55328,55338
55328,55346
55338,55346
55338,55368
55346,55368
55346,55436
55368,55442
55368,59986
55368,67354
55436,55442
55436,55453
55442,55453
55442,55471
55453,55471
55453,55492
55471,55492
55471,55505
55492,55505
55492,55512
55505,55512
55505,55513
55512,55513
55512,55522
55513,55522
55513,55535
55522,55535
55522,55566
55535,55566
55566,55633
55566,80232
55567,55633
55567,55635
55633,55635
55633,55659
55635,55659
55635,55755
55659,55755
55659,55784
55755,55784
55755,55793
55755,63093
55755,98186
55784,55793
55784,55839
55793,55839
55839,55945
55839,55990
55945,55990
55945,57702
55990,56061
56061,56134
56061,56178
56134,56178
56178,56230
56178,56252
56230,56252
56230,56261
56252,56261
56252,56273
56261,56273
56261,56398
56273,56398
56273,56416
56398,56416
56398,56488
56416,56488
56416,56552
56416,89853
56488,56552
56488,56575
56552,56575
56552,56588
56575,56588
56575,56608
56588,56608
56588,56659
56608,56659
56608,56700
56659,56806
56659,77224
56700,56806
56700,56817
56806,56817
56806,56875
56817,56875
56817,56879
56875,56879
56875,57073
56879,57073
57073,57093
57073,57139
57093,57172
57093,74412
57139,57172
57139,57297
57172,57297
57172,74614
57297,57320
57297,57360
57320,57360
57320,57362
57360,57362
57360,57365
57360,75290
57362,57365
57362,57483
57365,57483
57365,57503
57365,84013
57483,57503
57483,57526
57503,57526
57503,57560
57526,71647
57560,57672
57607,57672
57607,57702
57672,57702
57672,57800
57702,57800
57702,57814
57800,57814
57800,57851
57814,57851
57814,57908
57851,57908
57851,57967
57908,57967
57908,57970
57967,57970
57967,58006
57970,58006
57970,58086
58006,58086
58006,58102
58086,58102
58086,58111
58102,58111
58102,58131
58111,58131
58111,58135
58131,58135
58131,58146
58135,58146
58135,58216
58146,58216
58146,58247
58216,58247
58216,58250
58247,58253
58247,61196
58250,58253
58250,58295
58253,58295
58253,58299
58295,58327
58299,58327
58299,58328
58327,58328
58327,58364
58328,58364
58328,58421
58364,58421
58364,58430
58421,58430
58421,58528
58430,58554
58528,58554
58528,58580
58554,58617
58580,58617
58580,58631
58617,58631
58617,58704
58631,58704
58631,58782
58704,58782
58704,58791
58782,58791
58782,58819
58791,58819
58791,58837
58819,58837
58819,58859
58837,58859
58837,58983
58859,58983
58859,59015
58983,59015
58983,59206
59015,59206
59015,59244
59206,59244
59206,59245
59206,60998
59244,59245
59244,59262
59244,85458
59245,59262
59245,59383
59262,59383
59262,59536
59383,59536
59383,59594
59536,59594
59536,59607
59594,59607
59594,59646
59607,59646
59607,59658
59646,59658
59646,59665
59658,59665
59658,59708
59665,59708
59665,59774
59665,65330
59708,59774
59708,59777
59774,59777
59774,59779
59774,73264
59777,59779
59777,64488
59779,59811
59779,59832
59811,59832
59811,59877
59832,59877
59832,59901
59832,78820
59877,59901
59877,59920
59901,59920
59901,59941
59920,59955
59941,59955
59941,59959
59955,59959
59955,59975
59959,59975
59959,59986
59975,59986
59975,59999
59975,75888
59986,59999
59986,60001
59999,60001
59999,60005
60001,60005
60001,60008
60005,60008
60005,60026
60008,60026
60008,60041
60026,60041
60026,60056
60041,60056
60041,60065
60056,60065
60056,60086
60065,60086
60065,60097
60086,60097
60086,60245
60097,60245
60097,60264
60245,60264
60245,60303
60264,60303
60264,60314
60303,60314
60303,60527
60314,60596
60314,75294
60527,60596
60527,60690
60596,60690
60596,60703
60690,60703
60690,60760
60703,60760
60703,60816
60760,60816
60760,60820
60816,60820
60816,60860
60820,60860
60820,60861
60860,60861
60861,60892
60861,60932
60892,60932
60892,60937
60932,60937
60932,60938
60937,60938
60937,60986
60938,60986
60938,60998
60986,60998
60986,61006
60998,61009
61006,61009
61006,61016
61009,61016
61009,61048
61016,61048
61016,61196
61048,61196
61048,61307
61196,61307
61196,61311
61307,61311
61307,61343
61311,61343
61311,61348
61343,61348
61343,61369
61348,61369
61348,61372
61369,61372
61369,61483
61372,61483
61372,61560
61483,61579
61483,64784
61560,61582
61579,61582
61579,61588
61582,61615
61582,75378
61588,61615
61588,61698
61615,61698
61615,61746
61698,61746
61698,61781
61746,61781
61746,61834
61781,61834
61781,61858
61834,61858
61834,61938
61858,61938
61858,61960
61938,61960
61938,61986
61960,61986
61960,61993
61986,61993
61986,62001
61993,62001
61993,62018
62001,62018
62001,62029
62018,62029
62018,62121
62029,62121
62029,62188
62121,62188
62121,62232
62188,62232
62188,66942
62232,62283
62232,62291
62283,62291
62283,62337
62291,62337
62291,62370
62337,62370
62337,62602
62370,62602
62370,62704
62602,62704
62602,62705
62704,62705
62704,62733
62705,62733
62705,62743
62733,62743
62733,62779
62743,62779
62743,62786
62779,62786
62779,62798
62786,62798
62786,62803
62798,62803
62798,94946
62803,62815
62803,62824
62815,62824
62815,62830
62824,62830
62824,62836
62830,62836
62830,62847
62836,62847
62836,94597
62847,62971
62847,62988
62847,87930
62971,62988
62971,63002
62988,63002
62988,93501
63002,63024
63002,63093
63024,63093
63024,63152
63093,63173
63152,63173
63152,63329
63173,63351
63329,63351
63329,63422
63351,63422
63351,89646
63422,63441
63422,63492
63441,63492
63441,63537
63492,63537
63492,63587
63537,63587
63587,63607
63587,63645
63607,63645
63607,63646
63645,63646
63645,63689
63646,63689
63646,63697
63689,63697
63689,63734
63697,63734
63697,76545
63734,63759
63734,63769
63759,63769
63759,63799
63769,63799
63769,63801
63799,63801
63799,63814
63801,63814
63801,63853
63814,63853
63814,64055
63853,64055
63853,64196
64055,64196
64055,64238
64196,64238
64196,89716
64238,64245
64238,64278
64245,64278
64245,64363
64278,64363
64278,64399
64363,64399
64363,64404
64363,89486
64399,64404
64399,64472
64404,64472
64404,64488
64472,64488
64472,64531
64488,64531
64488,64679
64531,64679
64531,64704
64679,64727
64704,64727
64704,94974
64727,64743
64727,64784
64743,64784
64743,64865
64784,64865
64784,64909
64865,64909
64865,64922
64909,64922
64909,64975
64909,85278
64909,87540
64922,64975
64922,65042
64975,65042
64975,65122
65042,65122
65042,65168
65122,65168
65122,65273
65168,65273
65168,65330
65273,65330
65273,65362
65330,65403
65362,65403
65362,75698
65403,65429
65403,65466
65429,65533
65466,65533
65466,65626
65533,65626
65533,65628
65626,65628
65626,65629
65628,65629
65628,65703
65629,65703
65629,65727
65703,65727
65703,65755
65727,65824
65727,82794
65755,65824
65755,65968
65824,65968
65824,66020
65968,66020
65968,66057
65968,84195
66020,66057
66020,66149
66057,66149
66057,66201
66149,66201
66149,66250
66201,66250
66201,66257
66250,66257
66250,66258
66257,66258
66257,99509
66258,66271
66271,66342
66271,72228
66342,66353
66342,66367
66353,66407
66353,90418
66367,66407
66367,66478
66367,92032
66407,66484
66407,72998
66407,88050
66478,66484
66478,66519
66484,66519
66484,66814
66519,66814
66519,66822
66814,66942
66814,85395
66822,66952
66822,87094
66942,66952
66942,67034
66952,67034
66952,67069
67034,67069
67034,67116
67069,67116
67069,67123
67116,67123
67116,67255
67123,67354
67255,67354
67255,67390
67354,67390
67390,67399
67390,67417
67399,67432
67417,67432
67417,67435
67432,67435
67432,67460
67435,67460
67435,67652
67460,67652
67460,98882
67460,85458
67652,67686
67652,67786
67686,67786
67686,67840
67786,67840
67786,67841
67840,67841
67840,67863
67841,67863
67841,67943
67863,67943
67863,68000
67943,68000
67943,93508
68000,68020
68000,68202
68020,68256
68020,98087
68202,68256
68202,68281
68256,68281
68256,68330
68281,68330
68281,68361
68330,68361
68330,68374
68361,68374
68361,68378
68374,68378
68374,68402
68378,68402
68378,68462
68402,68462
68402,68559
68462,68559
68462,68568
68559,68568
68559,91588
68568,68590
68590,68677
68590,68682
68677,68682
68677,68785
68682,68785
68682,68837
68785,68841
68837,68841
68837,68842
68841,68842
68841,68895
68842,68895
68842,68926
68842,95669
68895,68926
68895,68932
68926,68932
68926,68969
68932,68969
68932,68991
68969,68991
68969,68992
68991,68992
68991,69003
68992,69003
68992,69043
69003,69043
69003,69068
69043,69068
69068,69069
69068,69072
69069,69072
69069,69146
69072,69146
69072,69181
69146,69181
69146,69188
69181,69188
69181,69240
69188,69240
69188,69338
69240,69338
69240,69366
69338,69366
69338,69401
69366,69416
69366,77535
69401,69416
69401,69423
69416,69423
69416,69448
69423,69448
69423,69509
69448,69509
69448,69538
69509,69538
69509,69544
69538,69544
69538,69570
69544,69570
69570,69607
69570,69644
69607,69644
69607,69661
69644,69661
69644,69723
69661,69723
69661,69728
69723,69728
69723,69833
69723,72453
69728,69875
69728,76462
69833,69875
69833,69904
69875,69904
69875,69961
69904,69967
69961,69967
69961,69994
69967,69994
69967,70005
69967,93508
69994,70005
69994,70094
70005,70094
70005,70178
70094,70178
70094,70191
70178,70191
70178,70194
70191,70194
70191,70269
70194,70269
70194,79194
70269,70287
70269,70354
70287,70354
70287,70379
70354,70379
70354,70415
70379,70415
70379,70428
70415,70428
70415,70476
70428,70476
70428,70662
70476,70662
70476,70680
70662,70680
70662,70681
70680,70681
70680,70701
70681,70701
70681,70715
70701,70715
70701,70742
70715,70755
70742,70755
70742,70772
70755,70772
70755,70781
70772,70781
70772,70828
70781,70828
70781,70863
70828,70863
70828,71118
70863,71118
70863,71170
71118,71170
71118,71238
71170,71244
71238,71244
71238,71251
71244,71251
71244,71255
71251,71255
71251,71302
71255,71302
71255,71362
71302,71362
71302,71383
71362,71383
71362,71421
71383,71424
71383,81274
71421,71424
71421,71451
71424,71451
71424,71526
71451,71526
71451,71538
71526,71538
71526,71558
71538,71558
71538,71610
71558,71610
71558,71647
71610,71647
71647,71687
71647,71739
71687,71739
71687,71789
71739,71789
71739,71791
71789,71811
71791,71811
71791,71860
71811,71860
71811,71872
71860,71872
71860,71882
71872,71882
71872,71942
71882,71942
71882,72016
71942,72016
71942,72075
72016,72075
72016,72102
72075,72102
72075,72126
72102,72126
72102,72198
72126,72198
72126,72228
72198,72228
72198,72303
72228,72303
72228,72325
72303,72325
72303,72331
72325,72331
72325,72408
72331,72408
72331,72453
72408,72453
72408,72463
72453,72463
72463,72485
72463,72646
72485,72646
72485,72653
72646,72653
72646,72700
72653,72700
72653,72763
72700,72763
72700,72899
72763,72899
72763,72949
72763,77507
72899,72949
72899,72959
72949,72959
72949,72961
72959,72961
72959,72989
72961,80456
72989,72998
72989,73001
72989,81311
72998,73001
72998,73042
73001,73042
73001,73119
73042,73119
73042,73211
73119,73211
73211,73215
73211,73264
73215,73264
73215,73272
73264,73307
73272,73307
73272,73383
73307,73392
73383,73392
73383,73539
73392,97537
73392,93264
73539,73603
73539,73628
73603,73628
73603,85556
73628,73660
73628,73704
73660,73704
73660,73764
73704,73807
73764,73807
73764,73848
73807,73848
73807,73863
73848,73863
73848,73887
73863,73887
73863,73907
73887,73907
73887,73918
73907,73918
73907,73945
73918,73945
73918,73986
73945,73986
73945,73993
73986,73993
73986,74000
73993,74000
73993,74057
74000,74057
74000,74068
74057,74068
74057,74124
74068,74124
74068,74278
74124,74300
74124,81878
74278,74300
74300,74335
74300,74352
74335,74352
74335,74380
74352,74380
74352,80888
74380,74412
74380,74449
74412,74473
74449,74473
74473,74494
74473,74561
74473,84042
74494,74561
74494,74585
74561,74585
74561,74614
74561,93701
74585,74614
74585,74642
74614,74642
74614,74670
74642,74670
74642,74707
74670,74707
74670,74758
74707,74758
74707,74886
74758,74886
74758,74894
74886,74894
74886,74908
74886,95764
74894,74908
74894,75042
74908,75042
74908,75055
75042,75055
75042,75196
75055,75196
75196,75290
75196,75294
75290,75378
75294,75454
75378,75454
75378,75496
75454,75496
75454,75562
75496,75562
75496,75589
75562,75589
75589,75615
75589,75618
75615,75618
75615,75654
75618,75654
75618,75675
75654,75675
75654,75698
75675,75698
75675,75720
75698,75733
75720,75733
75733,75768
75733,75778
75768,75789
75778,75789
75778,75801
75789,75801
75789,75812
75789,87705
75801,75812
75801,75847
75812,75847
75812,75849
75847,75849
75847,75888
75849,75888
75849,75930
75888,75930
75930,75976
75930,75982
75930,92407
75976,75982
75976,75998
75982,76021
75998,76021
75998,76070
76021,76070
76021,76077
76070,76077
76070,76135
76077,76135
76077,76140
76135,76158
76140,76158
76140,76209
76158,76209
76158,76233
76209,76233
76209,76272
76233,76272
76233,76275
76272,76275
76272,76428
76275,76428
76275,76462
76428,76462
76428,76522
76462,76522
76462,76545
76522,76545
76522,76650
76545,76650
76545,76659
76650,76659
76650,76734
76659,76734
76659,76744
76734,76744
76734,76754
76744,76754
76754,76774
76774,76780
76774,76817
76780,76817
76780,76844
76817,76844
76817,76872
76844,76872
76844,76883
76872,76883
76872,76886
76883,76886
76883,76912
76886,76912
76886,76984
76912,76984
76912,76985
76984,76985
76984,77047
76985,77118
77047,77118
77047,77139
77118,77139
77118,77160
77139,77160
77139,77206
77160,77206
77160,77224
77206,77224
77206,77246
77224,77246
77224,77248
77246,77248
77246,77295
77248,77295
77248,77306
77295,77306
77295,86194
77306,77328
77306,77347
77328,77347
77328,77378
77347,77378
77347,77394
77378,77394
77378,77405
77394,77405
77405,77411
77405,77426
77411,77426
77411,77469
77426,77469
77426,77507
77469,77507
77469,77516
77507,77516
77516,77535
77516,77548
77535,77548
77535,77565
77548,77565
77548,77595
77565,77595
77565,77618
77595,77618
77595,77645
77595,87710
77618,77645
77618,77690
77645,77690
77645,77701
77690,77701
77690,77728
77701,77728
77701,77743
77728,77743
77728,77827
77827,77831
77827,77894
77831,77894
77831,78058
77894,78058
77894,78080
78058,78080
78058,78111
78080,78124
78111,78124
78111,78200
78124,78200
78124,78275
78200,78275
78200,78282
78275,78282
78275,78408
78408,78492
78408,78574
78492,78574
78492,78631
78574,78631
78574,78636
78631,78636
78631,78643
78636,78643
78636,78647
78643,78647
78643,78762
78647,78762
78647,78791
78762,78791
78762,78799
78791,78799
78791,78820
78799,78820
78799,78827
78820,78827
78827,78867
78867,79059
78950,79059
78950,79075
79059,79075
79059,79091
79075,79091
79075,79117
79091,79117
79091,79136
79117,79136
79136,79192
79136,79194
79192,79194
79192,79234
79194,79234
79194,97083
79234,79310
79277,79310
79277,79384
79310,79384
79310,79507
79384,79507
79384,79521
79507,79521
79507,79527
79521,79527
79521,79545
79527,79545
79527,79589
79545,79589
79545,79595
79545,80884
79589,79595
79589,79616
79595,79616
79595,79617
79616,79617
79616,79687
79617,79687
79617,79728
79687,79728
79687,79741
79728,79741
79728,79745
79741,79745
79741,79757
79745,79757
79745,79765
79757,79765
79757,79776
79765,79776
79765,79802
79776,79802
79776,79833
79802,79833
79802,79860
79833,79860
79833,79867
79860,79867
79860,79888
79867,79888
79867,79943
79888,79943
79888,79948
79943,79948
79943,79969
79948,79969
79948,80031
79948,97078
79969,80031
79969,80074
80031,80074
80031,80141
80074,80141
80074,80173
80141,80173
80141,80232
80173,80232
80173,80242
80232,80242
80232,80340
80242,80340
80242,80419
80340,80419
80340,80456
80419,80456
80419,80467
80456,80467
80467,80539
80467,99232
80491,80539
80491,80572
80539,80572
80539,80592
80572,80592
80572,80627
80592,80627
80592,80665
80627,80665
80627,80671
80665,80681
80671,80681
80671,80682
80681,80682
80681,80717
80682,80717
80682,80735
80717,80767
80735,80767
80735,80795
80767,80822
80795,80822
80795,80870
80822,80870
80822,80884
80870,80884
80870,80888
80884,80910
80888,80911
80888,93207
80910,80911
80910,81034
80911,81034
80911,81120
81034,81120
81034,81201
81120,81201
81120,81261
81201,81261
81201,81274
81261,81274
81261,81311
81274,81381
81311,81381
81381,81389
81381,81430
81389,81430
81389,81478
81430,81478
81430,81502
81478,81502
81478,81518
81502,81518
81502,81608
81518,81608
81518,81632
81608,81632
81608,81633
81632,81693
81633,81693
81633,81751
81693,81751
81693,81798
81751,81798
81751,81870
81798,81870
81798,81878
81870,81878
81870,81918
81878,81918
81878,82065
81918,82065
81918,82117
82065,82117
82065,82401
82117,82401
82117,82408
82401,82408
82401,82528
82408,82528
82408,82530
82528,82530
82528,82632
82530,82632
82530,82647
82632,82647
82632,82689
82647,82689
82647,82716
82689,82716
82689,82728
82716,82728
82716,82754
82728,82754
82728,82755
82754,82755
82754,82769
82755,82769
82755,82794
82769,82794
82769,82812
82794,82812
82794,82863
82812,82863
82812,82874
82863,82874
82863,82901
82874,82901
82874,82903
82901,82903
82901,82948
82903,82948
82903,82958
82948,82958
82948,83002
82958,83002
82958,83043
83002,83043
83002,83168
83043,83168
83043,83172
83168,83172
83172,83173
83172,83197
83173,83197
83173,83233
83173,91304
83197,83233
83233,83255
83233,83305
83255,83305
83255,83418
83305,83418
83305,83620
83418,83620
83418,83910
83620,83910
83620,83988
83910,83988
83910,84013
83988,84013
83988,84015
84013,84042
84015,84042
84015,84045
84042,84097
84045,84097
84045,84180
84097,84180
84097,84195
84180,84195
84180,84213
84195,84213
84213,84223
84213,84241
84223,84241
84223,84297
84241,84297
84241,84316
84297,84316
84297,84356
84316,84356
84316,84461
84356,84461
84461,84502
84461,98305
84502,84534
84502,84590
84534,84590
84534,84593
84590,84593
84593,84612
84593,84618
84612,84618
84612,84735
84618,84735
84618,84743
84735,84743
84735,84793
84743,84793
84743,84914
84793,84914
84793,84937
84914,84937
84914,84962
84937,84962
84937,84979
84962,84979
84962,90867
84979,84983
84979,85043
84983,85043
84983,85080
85043,85080
85043,85114
85080,85114
85080,85216
85114,85216
85114,85257
85216,85257
85257,85278
85257,85306
85278,85321
85306,85321
85306,85353
85321,85353
85321,85372
85353,85372
85372,85395
85372,85398
85395,85398
85395,85458
85398,85458
85398,85462
85462,85489
85462,85521
85489,85521
85489,85536
85521,85536
85521,85556
85536,85556
85536,85616
85556,85616
85616,85740
85713,85740
85713,85790
85740,85790
85740,85838
85790,85838
85790,85841
85838,85841
85838,86000
85841,86000
85841,86049
86000,86049
86000,86060
86049,86060
86060,86182
86060,86194
86182,86242
86194,86242
86194,86275
86242,86275
86275,86292
86275,86309
86292,86309
86292,86346
86309,86346
86309,86347
86346,86347
86346,86541
86347,86541
86347,86561
86541,86561
86541,86563
86561,86563
86561,86630
86563,86630
86563,86658
86630,86658
86630,86775
86658,86775
86658,86935
86775,86935
86775,86954
86775,97119
86935,86954
86935,86981
86954,86981
86954,87054
86981,87054
86981,87094
87054,87094
87054,87273
87094,87273
87094,87280
87273,87280
87273,87293
87280,87293
87280,87295
87293,87295
87293,87321
87295,87321
87295,87395
87321,87395
87321,87449
87395,87449
87395,87471
87449,87471
87449,87524
87471,87524
87471,87540
87524,87540
87524,87560
87540,87637
87560,87637
87560,87657
87637,87657
87657,87661
87657,87705
87661,87705
87661,87710
87705,87710
87710,87770
87717,87770
87717,87780
87770,87780
87770,87833
87780,87833
87780,87839
87833,87839
87833,87886
87839,87886
87839,87903
87886,87903
87886,87923
87903,87923
87903,87930
87923,87930
87987,88028
87987,88041
88028,88041
88028,88050
88041,88050
88041,88059
88050,88059
88059,88102
88059,88119
88102,88119
88102,88195
88119,88195
88119,88235
88195,88235
88235,88265
88235,88279
88265,88279
88265,88302
88279,88302
88302,88312
88302,88564
88312,88564
88312,88577
88564,88577
88577,88583
88577,88627
88583,88627
88583,88642
88627,88642
88627,88649
88642,88649
88642,88735
88649,88735
88649,88765
88735,88765
88735,88768
88765,88768
88765,88773
88768,88773
88768,88780
88773,88780
88773,88892
88780,88892
88780,88971
88892,88971
88892,89047
88971,89047
88971,89069
89047,89069
89047,89101
89069,89101
89069,89140
89101,89140
89101,89157
89140,89157
89140,89163
89157,89163
89157,89164
89163,89164
89163,89223
89164,89223
89164,89238
89223,89291
89238,89291
89238,89376
89291,89376
89291,89420
89376,89420
89376,89455
89420,89455
89420,89486
89455,89486
89455,89505
89455,97869
89486,89505
89505,89538
89505,89617
89538,89617
89538,89646
89617,89646
89617,89651
89646,89651
89646,89687
89651,89687
89651,89716
89687,89716
89687,89805
89716,89845
89805,89845
89805,89853
89845,89853
89845,89869
89853,89869
89869,89880
89869,89946
89880,89946
89880,89972
89946,89972
89946,89982
89972,89982
89972,90029
89982,90029
89982,90066
90029,90066
90029,90153
90066,90153
90066,90222
90153,90222
90153,90270
90222,90270
90222,90352
90270,90352
90352,90399
90352,90418
90399,90418
90399,90609
90418,90640
90609,90640
90609,90642
90640,90642
90640,90653
90642,90653
90642,90667
90653,90667
90653,90677
90667,90677
90667,90867
90677,90867
90677,90923
90867,90923
90867,90933
90923,90933
90923,91099
90933,91099
90933,91122
91099,91122
91099,91204
91122,91204
91122,91304
91204,91304
91204,95098
91304,91327
91304,95358
91327,91366
91327,91391
91366,91391
91366,91427
91391,91427
91391,91446
91427,99412
91446,91496
91446,91520
91496,91520
91496,91570
91520,91570
91520,91585
91570,91585
91570,91588
91585,91592
91588,91592
91588,91800
91592,91800
91592,91825
91800,91825
91800,91965
91825,91965
91825,91973
91965,91973
91965,92008
91973,92008
91973,92032
92008,92032
92008,92057
92032,92057
92057,92082
92057,92099
92082,92099
92082,92316
92099,92316
92316,92356
92316,92407
92407,92536
92427,92536
92427,92587
92536,92587
92536,92753
92587,92753
92587,95238
92753,92812
92753,92818
92812,92818
92812,92843
92818,92843
92818,92874
92843,92874
92843,92972
92874,92972
92874,93026
92972,93026
92972,93066
93026,93066
93026,93082
93066,93082
93066,93084
93082,93084
93082,93105
93084,93105
93105,93159
93105,93179
93159,93179
93159,93207
93179,93207
93179,93215
93207,93215
93207,93216
93215,93216
93215,93225
93216,93225
93216,93230
93225,93230
93225,93264
93230,93264
93230,93267
93264,93277
93267,93277
93267,93304
93277,93304
93277,93316
93304,93316
93304,93438
93316,93438
93316,93482
93438,93482
93438,93489
93482,93489
93482,93501
93489,93501
93489,93508
93501,93508
93501,93622
93508,93623
93622,93623
93622,93664
93623,93664
93623,93690
93664,93690
93664,93701
93690,93701
93690,93788
93701,93796
93788,93796
93788,93825
93796,93825
93796,94004
93825,94004
93825,94118
94004,94118
94004,94231
94118,94231
94118,94261
94231,94261
94231,94274
94261,94274
94261,94369
94274,94369
94274,94403
94369,94403
94369,94421
94403,94421
94403,94458
94421,94458
94421,94481
94458,94481
94458,94511
94481,94511
94481,94515
94511,94515
94511,94525
94515,94525
94515,94568
94525,94568
94525,94597
94568,94597
94568,94735
94597,94806
94735,94806
94735,94816
94806,94816
94806,94854
94816,94854
94816,94923
94854,94923
94854,94933
94923,94933
94923,94946
94933,94946
94933,94966
94946,94974
94966,94974
94966,94984
94974,94984
94974,95015
94984,95015
94984,95079
95015,95079
95015,95098
95079,95098
95079,95160
95160,95195
95160,95215
95195,95215
95195,95238
95215,95238
95215,95353
95353,95358
95353,95369
95358,95370
95369,95370
95369,95489
95370,95489
95370,95492
95489,95492
95489,95625
95492,95625
95492,95669
95625,95669
95625,95721
95669,95721
95721,95745
95721,95751
95745,95751
95745,95764
95751,95764
95751,95855
95764,95855
95855,95856
95855,95859
95856,95859
95856,95932
95859,96071
95932,96071
95932,96093
96071,96093
96071,96100
96093,96100
96093,96143
96100,96143
96100,96147
96143,96147
96143,96253
96147,96253
96147,96291
96253,96291
96253,96382
96291,96382
96291,96404
96382,96404
96382,96460
96404,96460
96404,96508
96460,96508
96460,96624
96508,96624
96508,96766
96624,96766
96624,96837
96766,96837
96766,96845
96837,96845
96837,96901
96845,96901
96901,96940
96901,96984
96940,96984
96940,96988
96984,96988
96984,97071
96988,97071
96988,97078
97071,97078
97071,97083
97078,97083
97083,97119
97083,97214
97119,97310
97214,97310
97214,97339
97310,97339
97310,97366
97339,97366
97339,97465
97366,97465
97366,97505
97465,97505
97505,97523
97505,97533
97523,97533
97533,97536
97533,97537
97536,97537
97536,97560
97537,97560
97537,97592
97560,97592
97560,97653
97592,97653
97592,97679
97653,97679
97653,97684
97679,97684
97679,97729
97684,97729
97684,97731
97729,97731
97729,97741
97731,97741
97731,97869
97741,97869
97741,97958
97869,97958
97958,98002
97958,98033
98002,98033
98002,98087
98033,98087
98033,98108
98087,98108
98087,98138
98108,98138
98108,98164
98138,98164
98138,98186
98164,98186
98164,98213
98186,98213
98213,98239
98213,98305
98239,98354
98305,98354
98305,98371
98354,98371
98354,98586
98371,98586
98371,98588
98586,98588
98586,98613
98588,98613
98588,98657
98613,98657
98613,98666
98657,98666
98657,98700
98666,98700
98666,98728
98700,98728
98700,98774
98728,98774
98728,98783
98774,98783
98774,98846
98783,98846
98783,98882
98846,98882
98882,99143
98882,99232
99143,99295
99232,99295
99232,99373
99295,99373
99295,99402
99373,99407
99402,99407
99402,99412
99407,99460
99412,99460
99412,99465
99460,99465
99460,99509
99465,99509
99465,99570
99509,99570
99509,99599
99570,99599
99570,99680
99599,99680
99599,99701
99680,99701
99680,99702
99701,99702
99701,99785
99702,99785
99702,99810
99785,99810
99785,99835
99810,99906
99835,99906
99835,99918
99906,99918
99918,99935
99918,99948
99935,99948
99935,99969
99948,99969
99948,99991
99969,99991
99969,99993
99991,99993
