27,50
27,99995
27,69
27,99983
50,69
50,92
50,99995
69,92
69,57402
92,96
92,27130
96,123
96,95615
106,123
106,163
123,163
123,170
163,170
163,176
170,4300
170,76426
176,194
176,205
194,205
194,228
205,228
205,66728
228,230
228,60753
228,55392
230,252
230,253
252,253
252,271
253,271
253,272
271,301
271,75236
272,310
272,59710
301,310
301,9483
310,346
310,370
346,370
346,373
370,373
370,374
370,79076
373,374
373,376
374,376
374,418
374,43943
376,418
376,466
418,466
418,472
466,472
466,517
472,517
472,532
517,532
517,2896
532,542
532,556
542,556
542,611
556,611
556,9109
611,705
611,49277
702,705
702,706
705,706
705,726
706,726
706,742
726,742
726,773
742,773
742,800
773,800
773,813
800,813
800,814
800,64512
813,814
813,818
813,65500
814,818
814,17002
818,819
818,827
819,827
819,842
827,842
827,863
842,863
842,894
863,894
863,911
863,29607
894,911
894,922
911,922
911,923
922,923
922,955
923,955
923,964
955,964
955,968
964,979
964,24644
964,9620
968,979
968,993
979,993
979,994
993,994
993,1026
994,1026
994,42794
1026,1031
1026,1047
1026,44223
1031,1047
1031,1050
1031,42603
1047,1050
1047,1055
1050,1056
1050,94344
1055,1056
1055,1063
1056,1063
1056,1067
1056,72982
1063,1067
1063,1068
1067,77059
1067,71881
1068,1102
1068,1103
1102,1103
1102,1126
1103,1126
1103,1145
1126,1145
1126,1161
1145,1161
1145,39929
1161,1232
1161,1233
1232,1233
1232,1239
1233,1239
1233,1240
1233,14832
1239,1240
1239,1268
1240,1268
1240,55834
1268,1283
1268,1291
1283,1291
1283,1302
1291,1302
1291,1327
1302,1327
1302,1328
1327,1328
1327,1332
1327,53269
1328,1332
1328,1333
1332,1333
1332,1338
1333,1338
1333,1340
1338,1340
1338,1348
1338,42097
1340,1348
1340,1351
1348,1352
1348,27025
1351,1352
1351,1361
1352,1361
1352,1375
1361,1375
1361,1398
1375,1398
1375,1407
1398,1408
1398,73225
1398,11318
1407,1408
1407,1409
1408,1409
1408,1413
1409,1413
1409,1414
1413,1414
1413,1427
1414,1427
1414,11479
1427,1432
1427,1434
1432,1434
1432,1446
1434,1446
1434,1458
1446,1458
1446,1466
1458,1466
1458,68745
1458,1989
1466,1497
1466,1525
1497,1525
1497,1529
1525,1529
1525,1531
1529,1531
1529,1548
1529,32949
1531,1564
1531,84420
1548,1570
1548,29153
1548,41733
1564,1570
1564,1578
1564,89324
1570,1578
1570,1598
1578,1606
1578,75856
1598,4512
1598,55156
1606,1617
1606,1625
1617,1625
1617,1637
1625,1637
1625,1653
1637,1653
1637,1680
1653,1680
1653,27749
1680,1694
1680,1711
1694,1711
1694,1713
1711,1713
1711,48045
1711,94847
1713,1718
1713,1729
1718,1729
1718,1730
1729,1730
1729,1775
1730,1775
1730,1788
1730,15059
1775,1788
1775,1790
1775,70798
1788,1790
1788,1825
1788,34177
1790,1825
1790,66306
1790,47074
1825,1841
1825,1846
1841,1846
1841,1867
1841,55458
1846,1867
1846,1886
1846,47402
1867,1886
1867,1902
1867,3102
1886,1902
1886,1909
1902,1909
1902,1916
1909,1916
1909,1927
1916,1927
1916,1928
1916,38330
1927,1928
1927,1939
1928,1939
1928,1975
1939,1975
1939,1980
1975,1980
1975,1989
1975,27015
1980,1989
1980,1996
1980,56987
1989,1996
1996,2004
1996,2030
2004,2030
2004,2034
2030,2034
2030,2041
2030,38782
2034,2041
2034,2053
2041,2053
2041,2142
2053,2142
2053,2147
2053,68039
2142,2147
2142,25607
2142,18545
2147,2149
2147,2227
2149,2227
2149,2240
2227,2240
2227,2300
2240,2300
2240,2302
2300,2302
2300,2307
2302,2307
2302,2312
2307,2312
2307,2343
2312,2343
2312,2373
2343,2373
2343,2405
2373,2405
2373,2468
2405,2468
2405,2471
2468,2471
2468,2493
2471,2493
2471,38234
2493,2532
2493,2533
2532,2533
2532,2554
2533,2554
2533,55855
2554,2588
2554,51397
2575,2588
2575,2590
2588,2590
2588,2602
2590,2602
2590,2629
2602,2629
2602,2637
2629,2637
2629,2650
2629,28459
2637,2650
2637,18573
2650,2651
2650,2657
2650,73162
2651,2657
2651,19122
2657,2678
2657,2680
2678,34553
2678,98785
2680,2695
2680,2703
2695,2703
2695,2714
2703,2714
2703,2730
2714,2730
2714,2732
2730,2732
2730,2774
2732,2774
2732,2780
2732,17522
2774,2780
2774,2784
2780,2786
2780,33480
2784,2786
2784,2791
2786,2791
2786,2803
2791,2803
2791,2809
2791,18604
2803,2809
2803,2825
2809,2829
2809,41559
2825,2829
2825,2860
2829,2860
2829,2861
2860,2861
2860,2870
2861,2870
2861,2896
2870,2896
2870,2899
2870,20210
2896,2899
2896,2900
2899,2900
2899,2902
2900,2902
2900,2909
2902,2909
2902,2913
2909,2913
2909,2932
2913,2932
2913,2974
2932,2974
2932,2993
2974,2993
2974,3009
2993,3009
2993,3024
2993,10514
3009,3024
3009,3048
3024,68944
3024,55855
3024,18843
3048,3052
3048,3056
3052,3056
3052,3074
3056,3074
3056,3079
3056,43343
3074,3079
3074,3081
3079,3081
3079,61621
3081,3086
3081,3102
3086,3102
3086,3121
3102,3127
3121,3127
3121,3135
3127,3135
3127,11381
3135,3150
3135,86553
3150,3176
3150,3197
3176,3228
3176,52946
3197,3228
3197,3269
3228,3269
3228,3423
3228,65178
3228,92430
3269,3304
3269,3311
3269,89355
3304,3311
3304,3312
3311,3312
3311,46125
3312,3319
3312,3355
3319,3355
3319,3369
3355,3369
3355,3371
3369,3371
3369,3400
3371,3400
3371,3402
3400,3402
3400,3407
3400,73998
3402,3407
3402,3423
3407,3423
3407,95235
3423,3437
3436,3437
3436,3445
3437,3445
3437,3447
3445,3447
3445,3481
3447,3481
3447,48183
3481,3500
3481,3507
3500,3507
3500,3514
3507,3514
3507,3532
3514,3532
3514,3567
3532,3567
3532,3576
3567,3576
3567,3579
3576,3579
3576,3597
3579,3597
3579,3599
3597,3599
3597,76342
3599,3601
3599,3606
3601,3606
3601,3627
3601,80279
3606,3627
3606,3637
3627,3637
3627,3658
3637,3658
3637,3667
3658,3667
3658,3730
3667,3730
3667,74418
3730,3737
3730,3743
3730,73781
3737,3743
3737,3747
3743,3747
3743,3754
3747,3763
3747,98568
3754,3766
3754,94595
3754,27591
3763,3766
3763,3772
3766,3772
3766,3793
3772,3816
3772,18081
3793,3816
3793,3836
3816,3836
3816,3845
3836,3845
3836,3846
3845,3868
3845,71991
3846,3868
3846,3877
3846,82671
3868,3877
3868,3886
3877,3921
3877,30383
3886,3921
3886,3925
3921,3925
3921,3943
3921,85397
3925,3943
3925,3961
3943,3961
3943,47507
3961,3973
3961,3975
3973,3975
3973,3980
3975,4008
3975,71192
3980,4008
3980,4011
4008,4011
4008,4017
4011,4017
4011,4019
4017,4019
4017,4022
4017,31388
4019,4022
4019,4065
4022,4065
4022,4081
4022,57750
4065,4081
4065,4103
4065,69864
4065,77349
4081,4103
4081,4127
4103,4138
4103,62989
4127,4138
4127,4145
4138,4145
4138,4156
4138,18552
4145,4167
4145,15312
4156,4167
4156,4212
4167,4212
4167,4224
4212,4224
4212,4266
4212,93746
4224,4288
4224,48332
4266,4288
4266,4291
4288,4291
4288,58700
4288,17664
4291,4300
4291,4335
4300,4353
4300,29253
4335,4353
4335,4372
4335,86135
4353,4372
4353,4393
4372,4398
4372,77796
4393,4398
4393,4428
4398,4428
4398,4432
4428,4432
4428,4441
4428,37935
4432,4441
4432,4443
4441,4443
4441,4467
4443,4467
4443,4505
4467,4505
4467,13602
4505,4512
4505,23748
4512,4517
4512,4531
4517,4531
4517,4566
4531,4566
4531,4591
4566,4597
4566,44956
4591,4597
4591,4621
4597,82448
4597,92600
4621,4688
4621,33348
4682,4688
4682,23707
4688,4702
4688,4741
4688,45350
4702,4741
4702,81072
4702,94955
4741,4756
4741,4778
4756,4778
4756,4825
4756,9727
4778,4825
4778,4832
4825,4832
4825,4838
4825,74824
4832,4838
4832,4879
4838,4879
4838,4894
4879,4894
4879,4897
4894,4897
4894,4909
4897,4926
4897,10514
4909,4926
4909,4935
4909,95101
4926,4970
4926,78117
4926,72546
4935,4970
4935,4986
4935,66420
4970,4986
4970,5014
4986,5020
4986,39549
4986,9695
5014,5020
5014,5061
5020,5061
5020,5080
5020,14045
5020,68052
5061,5080
5061,5083
5061,51453
5061,83426
5080,5083
5080,5102
5083,5102
5083,5127
5102,5127
5102,5128
5127,5128
5127,5135
5127,41112
5128,5135
5128,5150
5135,5150
5135,7948
5150,5186
5150,5206
5186,5206
5186,5264
5186,23169
5206,5264
5206,5271
5264,5271
5264,5280
5271,5280
5271,5289
5280,5289
5280,5306
5289,5323
5289,22904
5306,5323
5306,5375
5323,5375
5323,5407
5375,5407
5375,9987
5407,5417
5407,5418
5417,5418
5417,5420
5418,5420
5418,5445
5418,6048
5420,5445
5420,5452
5445,5452
5445,5458
5452,42265
5452,52234
5458,5540
5458,5634
5458,48071
5468,5540
5468,5554
5540,5554
5540,48803
5540,29437
5554,5565
5554,5584
5565,5584
5565,92269
5565,9619
5584,5590
5584,5601
5590,5601
5590,5628
5601,5628
5601,5634
5628,5634
5628,5640
5634,5640
5634,5662
5640,5662
5640,5732
5662,5732
5662,5737
5732,5737
5732,5740
5737,5740
5737,5748
5737,76507
5740,5748
5740,5755
5740,62742
5740,73075
5748,5755
5748,5786
5755,5786
5755,5836
5755,64514
5786,5836
5786,5856
5836,39838
5836,67190
5856,5873
5856,5939
5873,5939
5873,5943
5939,5943
5939,5947
5943,5955
5943,84217
5947,5955
5947,5983
5947,18172
5955,5983
5955,6016
5983,6016
5983,6031
6016,6031
6016,6046
6031,6046
6031,6048
6031,41337
6046,6048
6046,6073
6046,45730
6048,6073
6073,6089
6073,6103
6089,6103
6089,6116
6089,19768
6103,6116
6103,6117
6116,6117
6116,6118
6117,6118
6117,6127
6118,6127
6118,6166
6118,25954
6127,6166
6127,6177
6166,6177
6166,6268
6177,6268
6177,6271
6268,6271
6268,6285
6271,6285
6271,6308
6271,17291
6285,6308
6285,6364
6308,6364
6308,6404
6364,6404
6364,6409
6404,6409
6404,6422
6409,6422
6409,6437
6422,6437
6422,6439
6422,73053
6437,6439
6437,6480
6439,6480
6439,6485
6439,55855
6480,6485
6480,6491
6485,6491
6485,6504
6491,6504
6491,6515
6504,6515
6504,6576
6515,6576
6515,6579
6576,6579
6576,6586
6579,6586
6579,6614
6586,6614
6586,6652
6614,6652
6614,6653
6614,46454
6652,6653
6652,6655
6653,6655
6653,6664
6655,6664
6655,6694
6664,6694
6664,6709
6694,6709
6694,6719
6709,6719
6709,6773
6719,6773
6719,6778
6719,69621
6773,6778
6773,45533
6778,6804
6778,6828
6778,63811
6804,6828
6804,6844
6828,6844
6828,6846
6844,6846
6844,6890
6846,6890
6846,6901
6890,6901
6890,6932
6901,6939
6901,59726
6932,6939
6932,6966
6939,6966
6939,6978
6966,6978
6966,6990
6978,6990
6978,6991
6990,6991
6990,7008
6991,7008
6991,7037
7008,7037
7008,7052
7037,7055
7037,87116
7052,7055
7052,7066
7055,7066
7055,7080
7066,7080
7066,7090
7080,7090
7080,7094
7090,7094
7090,7132
7094,7132
7094,7150
7094,57754
7132,7150
7132,7161
7150,7161
7150,7167
7161,7167
7161,7168
7167,7168
7167,7172
7168,7172
7168,7175
7168,91987
7172,7175
7172,73488
7175,7190
7175,7205
7190,7205
7190,7206
7205,7206
7205,7265
7206,7265
7206,77024
7265,7270
7265,7287
7270,7287
7270,7431
7270,26930
7287,7431
7287,7434
7287,41680
7431,7434
7431,7456
7434,7456
7434,7473
7456,7473
7456,7506
7473,7506
7473,7516
7506,7516
7506,7531
7516,7531
7516,7545
7531,7545
7531,7547
7545,7547
7545,7577
7547,7577
7547,7600
7577,7600
7577,7630
7600,7630
7600,7650
7630,7650
7630,7673
7630,63872
7650,7673
7650,7682
7673,7682
7673,7697
7673,14944
7682,31385
7682,78316
7697,7728
7697,7799
7728,7799
7728,7807
7799,7807
7799,7819
7799,48470
7807,7819
7807,7824
7819,7824
7819,7825
7824,7825
7824,7845
7825,7845
7825,7857
7845,7857
7845,7899
7845,74677
7857,7899
7857,7948
7899,7948
7899,7982
7948,7982
7948,7993
7982,7993
7982,8006
7993,8006
7993,8016
8006,8016
8006,8023
8016,8023
8016,8045
8016,21502
8016,24831
8023,65474
8023,79873
8023,50659
8045,8064
8045,8071
8064,8071
8064,8072
8071,8072
8071,8094
8071,94185
8072,8094
8072,8117
8094,8117
8094,8134
8117,8134
8117,8142
8134,8142
8134,8151
8142,8151
8142,8164
8151,8164
8151,8185
8164,8185
8164,8195
8185,8195
8185,8204
8195,8204
8195,90798
8204,8206
8204,8230
8204,86106
8204,87396
8206,8233
8206,19610
8230,8233
8230,8282
8233,8282
8233,8293
8282,8293
8282,8317
8293,8317
8293,8365
8293,35246
8317,8365
8317,8367
8365,8367
8365,8369
8367,8369
8367,8385
8367,24395
8369,8390
8369,15890
8385,8391
8385,17094
8390,8391
8390,8397
8391,8397
8391,8435
8397,8435
8397,8440
8435,8440
8435,8481
8440,8481
8440,8493
8481,8493
8481,8539
8493,8539
8493,8578
8539,8578
8539,8590
8578,8590
8578,8604
8590,8617
8590,21479
8604,8617
8604,8619
8617,8619
8617,8626
8619,8626
8619,8627
8626,8627
8626,8668
8626,12127
8627,8668
8627,8737
8668,8737
8668,8738
8737,8738
8737,8746
8737,78524
8738,8746
8738,8751
8746,8751
8746,8796
8751,8796
8751,19026
8796,8800
8796,8806
8800,8806
8800,8811
8806,8811
8806,8819
8811,8819
8811,8835
8819,8835
8819,8860
8835,8871
8835,97292
8860,8871
8860,8878
8871,8878
8871,8884
8878,8884
8878,9624
8884,8905
8884,54522
8893,8905
8893,8907
8905,8907
8905,8931
8907,8931
8907,8937
8931,8937
8931,8948
8937,8948
8937,8988
8948,8988
8948,8993
8988,8993
8988,8994
8993,8994
8993,8999
8994,50387
8994,59232
8999,9003
8999,9018
9003,9018
9003,46080
9018,9048
9018,9061
9048,9061
9048,9064
9061,9064
9061,9085
9064,9085
9064,9109
9085,9109
9085,9112
9109,9112
9109,9115
9112,9117
9112,30376
9115,9118
9115,77796
9117,9118
9117,9126
9117,15512
9118,9126
9118,9130
9126,9130
9126,9140
9130,9140
9130,9141
9140,9141
9140,9142
9140,84347
9141,9154
9141,73118
9142,9154
9142,9164
9154,9164
9154,94053
9164,9220
9164,9227
9220,9227
9220,9234
9227,9234
9227,9262
9234,9262
9234,9268
9234,14878
9262,9268
9262,9299
9262,59321
9268,60491
9268,65735
9299,9305
9299,9314
9305,9314
9305,9327
9314,9348
9314,36047
9327,9348
9327,9355
9348,9355
9348,66420
9355,9359
9355,9362
9359,9362
9359,9363
9362,9363
9362,9378
9362,87247
9363,9378
9363,9391
9363,91803
9378,9395
9378,89355
9391,9395
9391,9401
9395,9401
9395,9405
9401,9405
9401,51981
9405,9406
9405,9416
9406,9434
9406,46691
9416,9434
9416,95644
9434,9439
9434,9445
9439,9445
9439,9472
9445,9472
9445,9475
9472,9475
9472,9482
9475,9482
9475,9483
9475,88165
9482,9483
9482,9497
9483,9497
9483,9606
9497,9505
9497,9516
9505,9516
9505,9524
9516,9524
9516,82648
9524,9533
9524,70854
9533,9586
9533,97707
9586,9606
9586,9608
9606,9608
9606,66895
9608,9614
9608,9619
9614,9619
9614,9620
9619,9620
9619,9624
9620,9633
9624,9633
9624,9643
9633,9643
9633,14387
9643,9660
9643,9674
9660,9677
9660,56609
9674,9677
9674,9678
9677,9678
9677,9684
9678,9684
9678,9689
9678,10855
9684,9689
9684,62227
9689,9695
9689,9727
9695,9727
9727,9740
9727,46040
9740,9772
9740,9776
9772,9776
9772,9783
9772,56435
9776,9783
9776,9818
9783,9818
9783,9856
9783,51072
9818,9856
9818,9873
9856,9873
9856,27346
9873,9878
9873,9888
9878,9888
9878,9889
9878,14281
9888,9889
9888,9893
9889,9893
9889,9902
9893,9902
9893,9905
9902,9905
9902,9935
9902,87633
9905,9935
9905,9958
9935,9958
9935,9960
9958,9960
9958,9963
9960,9963
9960,9981
9963,9981
9963,9987
9981,9987
9981,10015
9981,26894
9987,10015
9987,10054
9987,77607
10015,10054
10015,10062
10054,10062
10054,10111
10062,10111
10062,10140
10111,10155
10111,58836
10111,45738
10140,10155
10140,10173
10155,10173
10155,10186
10173,10186
10173,10207
10186,10207
10186,10213
10207,10213
10207,10221
10213,10221
10213,10229
10221,10229
10221,50106
10221,11622
10229,10236
10229,10259
10236,10259
10236,10299
10259,10299
10259,10310
10299,10310
10299,10311
10310,10322
10310,13530
10311,10322
10311,10325
10311,70199
10322,10325
10322,10362
10325,10362
10325,10365
10362,10369
10362,55156
10365,10369
10365,31604
10369,10390
10369,38381
10382,10390
10382,10402
10390,10402
10390,10452
10402,10452
10402,10509
10402,45319
10452,10509
10452,10514
10509,10514
10509,75856
10514,10525
10514,96006
10518,10525
10518,10526
10525,10526
10525,10542
10526,10542
10526,10578
10526,42652
10526,12224
10542,10578
10542,10607
10578,10607
10578,10617
10607,10617
10607,10622
10617,10622
10617,10642
10622,10642
10622,10673
10642,10673
10642,10680
10673,10680
10673,10682
10680,10682
10680,94363
10682,10708
10682,13544
10684,10708
10684,10716
10708,10716
10708,10727
10716,10754
10716,80862
10727,10754
10727,10775
10754,10775
10754,10781
10775,10781
10775,10788
10775,16764
10775,72958
10781,10788
10781,10791
10788,10798
10788,35637
10791,10811
10791,39568
10791,77914
10798,10811
10798,10822
10798,70749
10811,10822
10811,10830
10822,10830
10822,10839
10830,10839
10830,10855
10839,10855
10839,10904
10855,10904
10904,10909
10904,10915
10909,10915
10909,10920
10915,10920
10915,10929
10920,10944
10920,10960
10929,10944
10929,10952
10944,10952
10944,10957
10944,55489
10952,10957
10952,10960
10957,10960
10957,10961
10960,10961
10960,10972
10961,10972
10961,10986
10972,10986
10972,10988
10986,10988
10986,10996
10988,11012
10988,41037
10996,11012
10996,11018
11012,11018
11012,11037
11018,11037
11018,11038
11037,11038
11037,69938
11038,11056
11038,59390
11047,11056
11047,11094
11056,11094
11056,93972
11094,11107
11094,11143
11094,68015
11107,11143
11107,11154
11143,11154
11143,11175
11154,11175
11154,11200
11175,11200
11175,11202
11200,11202
11200,88175
11202,11245
11202,11256
11245,11256
11245,11264
11256,11264
11256,11266
11264,11266
11264,11276
11266,11276
11266,11301
11266,23706
11276,11307
11276,32209
11301,11307
11301,11311
11307,11311
11307,11318
11311,11318
11311,11325
11318,11325
11325,11347
11325,11360
11347,11360
11347,11368
11347,57904
11360,11368
11360,11381
11368,11381
11368,11435
11381,11435
11381,11437
11435,11437
11435,11455
11437,11455
11437,11457
11455,11458
11455,59135
11457,11458
11457,11459
11458,11463
11458,51670
11459,11463
11459,11479
11463,11479
11463,11485
11479,11491
11479,54510
11485,11491
11485,11492
11491,11501
11491,29316
11492,11501
11492,45157
11492,66415
11501,11503
11501,11536
11501,22706
11503,11536
11503,11540
11503,36883
11536,11540
11536,11550
11540,11550
11540,11585
11550,11585
11550,11622
11585,11622
11585,11635
11622,11635
11635,11659
11635,11663
11659,11663
11659,11682
11663,11707
11663,33474
11682,11707
11682,11731
11707,11731
11707,11758
11731,11758
11731,11771
11758,11781
11758,22791
11771,11781
11771,11790
11771,29232
11781,11790
11781,11793
11790,11793
11790,11836
11793,11836
11793,11838
11836,11838
11836,11844
11838,11844
11838,37614
11844,11858
11844,64122
11852,11858
11852,11872
11858,11872
11858,11902
11858,61012
11872,11911
11872,94126
11902,11911
11902,11931
11911,11931
11911,11939
11931,11939
11931,11941
11931,73813
11939,11955
11939,58875
11941,11961
11941,86845
11941,70034
11941,79395
11955,11961
11955,38265
11961,11975
11961,12009
11975,12009
11975,12016
11975,51897
12009,12016
12009,12070
12016,12070
12016,12071
12070,12071
12070,12073
12071,12073
12071,12103
12073,12103
12073,12111
12103,12111
12103,12114
12111,12114
12111,12127
12114,12127
12114,12129
12114,20946
12127,12145
12129,12145
12129,12157
12145,12173
12145,66103
12157,12173
12157,12180
12173,12180
12173,12187
12180,12187
12180,12204
12187,12204
12187,12205
12204,12205
12204,12209
12205,12209
12205,12220
12209,12220
12209,12224
12220,12224
12220,12278
12224,12278
12278,12294
12278,12304
12294,12304
12294,12309
12304,12309
12304,12319
12309,12319
12309,12328
12319,12328
12319,12333
12328,12333
12328,12359
12333,12373
12333,26423
12359,12373
12359,12423
12373,12423
12373,12437
12423,12437
12423,12482
12437,12482
12437,12483
12482,12483
12482,25378
12482,71306
12483,12491
12483,12511
12491,12511
12491,12565
12511,12565
12511,12570
12565,12570
12565,12601
12570,12601
12570,12613
12601,12613
12601,12618
12613,12618
12613,12621
12618,12621
12618,12625
12621,12625
12621,12648
12621,26207
12625,12648
12625,12661
12648,12661
12648,12671
12661,12671
12661,12699
12661,17253
12661,53217
12671,12699
12671,12701
12699,12701
12699,24323
12701,12764
12701,12768
12764,12768
12764,12790
12768,12790
12768,12802
12768,99091
12790,12802
12790,12854
12790,45632
12802,12854
12802,12865
12854,12865
12854,12900
12854,28530
12865,12900
12865,12903
12900,12903
12900,12929
12903,12929
12903,12931
12929,12931
12929,12946
12931,12946
12931,12948
12946,12948
12946,12954
12948,12954
12948,12961
12954,12965
12954,99085
12961,12979
12961,36009
12965,12979
12965,12990
12965,86329
12979,12990
12979,12992
12979,14332
12990,12992
12990,12994
12990,40700
12992,12994
12992,46858
12992,79429
12994,13005
12994,13033
12994,86335
13005,13033
13005,13047
13033,13047
13033,26350
13047,13048
13047,13065
13047,29944
13047,21527
13048,13065
13048,13078
13065,13078
13065,13131
13065,24074
13078,13131
13078,64040
13131,13151
13131,13156
13151,13156
13151,13185
13156,13185
13156,13201
13185,13201
13185,13216
13201,13216
13201,13245
13216,13245
13216,13263
13216,58171
13216,69751
13245,13263
13245,13276
13245,60846
13263,13276
13263,13286
13263,77862
13276,13286
13276,13307
13286,13307
13286,13326
13307,13326
13307,62132
13326,13333
13326,13364
13333,13364
13333,13381
13364,13381
13364,13405
13381,89132
13381,59630
13405,13481
13405,13494
13481,13494
13481,13518
13481,59018
13481,86876
13494,13518
13494,13520
13518,13520
13518,13528
13520,13528
13520,13530
13528,13530
13528,13544
13530,13544
13530,13547
13530,41390
13544,13547
13544,13563
13547,13563
13547,13572
13563,13572
13563,13590
13572,13590
13572,13600
13590,13600
13590,13602
13590,68247
13600,13602
13600,13605
13602,13605
13602,13627
13605,13627
13605,13639
13627,13639
13627,48323
13627,76342
13639,13649
13639,13652
13649,13652
13649,13656
13652,13656
13652,13688
13656,13688
13656,13697
13688,13697
13688,13698
13697,13698
13697,13709
13698,13727
13698,30479
13709,13727
13709,13743
13727,13743
13727,13761
13743,13761
13743,13771
13743,17389
13743,30134
13761,13771
13761,13772
13771,13772
13771,82041
13772,13777
13772,68911
13777,13835
13777,13837
13835,13837
13835,13846
13837,13846
13837,13851
13846,13851
13846,13858
13851,13858
13851,13863
13858,13863
13858,13872
13863,13872
13863,40370
13872,13891
13872,13911
13891,13911
13891,13931
13911,13931
13911,13953
13931,13953
13931,13968
13953,13968
13953,13991
13968,13991
13968,14001
13991,14001
13991,14003
14001,14003
14001,14007
14001,54968
14003,14007
14003,14016
14003,54696
14007,14016
14007,14045
14016,14045
14016,14058
14016,15192
14045,14058
14045,27130
14058,14078
14058,14089
14078,14165
14078,64776
14089,14165
14089,14171
14165,14171
14165,88311
14171,14188
14171,14205
14188,14205
14188,14230
14188,85948
14188,15312
14205,14230
14205,14234
14230,14234
14230,14254
14234,14254
14234,14281
14254,14299
14254,42795
14254,26858
14281,14329
14281,92657
14299,14329
14299,14332
14329,14332
14329,14369
14332,14387
14369,14387
14369,14399
14387,14399
14387,91175
14399,14409
14399,14453
14409,14453
14409,85921
14453,14462
14453,14469
14462,14469
14462,14477
14469,14477
14469,14484
14477,14484
14477,14494
14484,14494
14484,14529
14484,95762
14484,23857
14494,14529
14494,14533
14494,19284
14529,14533
14529,14536
14533,14536
14533,14549
14536,14549
14536,59134
14549,14552
14549,14559
14552,14559
14552,14567
14559,14567
14559,14611
14567,14633
14567,85173
14567,14893
14611,14633
14611,14651
14633,14651
14633,14656
14633,46032
14651,14656
14651,14659
14656,14659
14656,14684
14659,14684
14659,14686
14684,14686
14684,14688
14686,14688
14686,14722
14688,14722
14688,14777
14722,14777
14722,14792
14777,14792
14777,14795
14792,14797
14792,73530
14795,14797
14795,14816
14797,14816
14797,14832
14797,79994
14797,83350
14816,14835
14816,16218
14816,59982
14832,14835
14835,14878
14835,14885
14835,75552
14878,14888
14885,14888
14885,14893
14888,14893
14888,14903
14893,14910
14903,14910
14903,14933
14910,14933
14910,14944
14933,14944
14933,14996
14944,14996
14996,15008
14996,15019
15008,15019
15008,15024
15019,15024
15019,15035
15019,61033
15024,15035
15024,15038
15024,16833
15024,87412
15035,15038
15035,15048
15038,15048
15038,15051
15048,15051
15048,15055
15051,15055
15051,15059
15055,15059
15055,15063
15059,15068
15063,15068
15063,15102
15068,15155
15068,81785
15102,15155
15102,15185
15155,15185
15155,54868
15185,15192
15185,69407
15188,15192
15188,15193
15188,85804
15192,15193
15193,15219
15193,15230
15219,15230
15219,15245
15230,15245
15230,15248
15230,85609
15245,15248
15245,15298
15248,15298
15248,15305
15298,15305
15298,15312
15305,15312
15305,15325
15312,15325
15325,15328
15325,15331
15328,15331
15328,15344
15331,15344
15331,15359
15344,15359
15344,15388
15359,15388
15359,15391
15388,15391
15388,15440
15391,15457
15391,16312
15391,98957
15440,15457
15440,15466
15457,15466
15457,15494
15466,15494
15466,15512
15494,15512
15494,15542
15512,15550
15512,95952
15542,15563
15542,43176
15550,15563
15550,15568
15563,15568
15563,38679
15568,15601
15568,15624
15568,27440
15601,15624
15601,15630
15624,15630
15624,15639
15630,15639
15630,15648
15630,64972
15639,15648
15639,15718
15648,15718
15648,15769
15718,15769
15718,15799
15769,15799
15769,15800
15799,15826
15799,53453
15800,15826
15800,15841
15826,15841
15826,15860
15841,15860
15841,15869
15860,15869
15860,15877
15869,15890
15869,57405
15877,15906
15877,81835
15890,15906
15890,15908
15906,15908
15906,15950
15908,15950
15908,15969
15950,15969
15950,16011
15969,16011
15969,66790
16011,16059
16011,16063
16059,16063
16059,16081
16063,16081
16063,16115
16081,16115
16081,16132
16115,16132
16115,16150
16115,87782
16132,16150
16132,16180
16150,16180
16150,16218
16180,16218
16180,16225
16180,98845
16218,16225
16218,16275
16225,16275
16225,50823
16275,16282
16275,16287
16282,16287
16282,99085
16287,16312
16287,16313
16287,91263
16312,16313
16312,16422
16313,80279
16313,51842
16422,16431
16422,16437
16431,16437
16431,16445
16437,16445
16437,16456
16445,16456
16445,16457
16456,16457
16456,16483
16457,16483
16457,16502
16483,16502
16483,16516
16483,85468
16502,16516
16502,16518
16516,16518
16516,16521
16518,16521
16518,16530
16521,16551
16521,48380
16530,16551
16530,16558
16551,16558
16551,16570
16558,16570
16558,16606
16570,16606
16570,16617
16606,16617
16606,16630
16606,87403
16617,16630
16617,16633
16617,24193
16630,16634
16630,70605
16633,16634
16633,16681
16634,16681
16634,16692
16681,16692
16681,16696
16692,16696
16692,16764
16696,16764
16696,16770
16764,16785
16770,16785
16770,16793
16785,16793
16785,16816
16793,16816
16793,16833
16816,16833
16816,16879
16833,16879
16879,16928
16879,67487
16928,16930
16928,16943
16930,17000
16930,39228
16943,17000
16943,17002
17000,17002
17000,17011
17002,17011
17002,17017
17011,17017
17011,17031
17017,17031
17017,17036
17031,17036
17031,17056
17036,17056
17036,17094
17056,17122
17056,98858
17094,17122
17094,17126
17122,17126
17122,17144
17126,17144
17126,17189
17144,17205
17144,38911
17189,17205
17189,17216
17205,17216
17205,17227
17216,17227
17216,17240
17227,17240
17227,17247
17240,17247
17240,17253
17247,17253
17247,17261
17253,17261
17261,17291
17261,17329
17291,17343
17329,17343
17329,17372
17343,17372
17343,17389
17372,17389
17372,17397
17389,17397
17389,90023
17397,17401
17397,17429
17401,17429
17401,17435
17429,17435
17429,94728
17435,17480
17435,17483
17480,17483
17480,17499
17480,38598
17483,17499
17483,76192
17499,17501
17499,17503
17501,17503
17501,17522
17503,17522
17503,17570
17522,17580
17570,17580
17570,17590
17580,17602
17580,30895
17590,17602
17590,17645
17602,17645
17602,17662
17645,17662
17645,17664
17662,17664
17662,17673
17664,17673
17664,17687
17673,17687
17673,17712
17687,17712
17687,17753
17712,17753
17712,17778
17753,17778
17753,55639
17778,17878
17778,90112
17878,17885
17878,17889
17885,17889
17885,17901
17889,17902
17889,71055
17901,17902
17901,17912
17902,17912
17902,17934
17902,70793
17912,17934
17912,17995
17934,17995
17934,18028
17995,18028
17995,18033
18028,18033
18028,18081
18028,68645
18033,18081
18033,18121
18081,18121
18081,18128
18121,18128
18121,18140
18128,18140
18128,36434
18140,18142
18140,18172
18142,18172
18142,18179
18142,50002
18172,18196
18179,18196
18179,18219
18196,18219
18196,18229
18219,18229
18219,18249
18219,77760
18229,18249
18229,18274
18249,18274
18249,18277
18274,18277
18274,18332
18277,18358
18277,59952
18332,18358
18332,30520
18358,18360
18358,18379
18360,18379
18360,18398
18379,18398
18379,18407
18398,18407
18398,18430
18407,18430
18407,86038
18430,18451
18430,28521
18443,18451
18443,18475
18451,18475
18451,18479
18475,18479
18475,18516
18479,18516
18479,18520
18516,18520
18516,18522
18520,18522
18520,18545
18522,18545
18522,18551
18522,91560
18545,18552
18545,87489
18551,18552
18551,18566
18551,24911
18552,18566
18566,18573
18566,32166
18566,85400
18573,18580
18573,18604
18580,18604
18580,18618
18604,51886
18618,18629
18618,18653
18629,18653
18629,18660
18653,18660
18653,18663
18660,18663
18660,18665
18663,18680
18663,76905
18665,18680
18665,18692
18680,18692
18680,18699
18692,18699
18692,18726
18699,18726
18699,18739
18726,18739
18726,18742
18726,18861
18739,18742
18739,25335
18742,18816
18742,18831
18816,18831
18816,18839
18816,64214
18831,18839
18831,18843
18839,18861
18839,51372
18839,27705
18843,18861
18861,18903
18861,51531
18861,71919
18897,18903
18897,18905
18903,18905
18903,18912
18905,18932
18905,31021
18912,18932
18912,18956
18912,71530
18932,18956
18932,18970
18932,80201
18956,18970
18956,19007
18970,19007
18970,19017
19007,19017
19007,19026
19017,19026
19017,19028
19017,34195
19026,19028
19026,19063
19028,19063
19028,19066
19063,19066
19063,19071
19066,19071
19066,19077
19071,19077
19071,19083
19071,58933
19077,19083
19077,19096
19083,19096
19083,19122
19096,19122
19096,19124
19122,19124
19122,19125
19124,19125
19124,19128
19125,19128
19125,19129
19128,19129
19128,19168
19129,19168
19129,19190
19168,19190
19168,20452
19190,19200
19190,27272
19190,98670
19200,19211
19200,19238
19200,32241
19211,19238
19211,19268
19238,19268
19238,85369
19268,19273
19268,19277
19273,19277
19273,19284
19273,50037
19277,19284
19277,19287
19277,95811
19284,19296
19287,19296
19287,19329
19296,19329
19296,19332
19329,19332
19329,19372
19332,19372
19332,19407
19372,19407
19372,19418
19407,19418
19407,19443
19418,19443
19418,19444
19443,19444
19443,19450
19444,19450
19444,19473
19444,25096
19450,19473
19450,19474
19473,19474
19473,19502
19474,19502
19474,19514
19502,19514
19502,19516
19514,19516
19514,60628
19516,19519
19516,19544
19519,19544
19519,19548
19519,39609
19544,19549
19544,20887
19548,19549
19548,19610
19549,19610
19549,32949
19610,19654
19610,19671
19654,19671
19654,19710
19654,82942
19654,20785
19671,19710
19671,19755
19710,19755
19710,19763
19755,19763
19755,20452
19755,80084
19763,19768
19763,19780
19768,19780
19780,19798
19780,19805
19780,51967
19798,19805
19798,19811
19798,51476
19805,19811
19805,52657
19811,19827
19811,19832
19827,19832
19827,19876
19832,19876
19832,19895
19876,19895
19876,19901
19895,19901
19895,19923
19901,19923
19901,19927
19923,19927
19923,19953
19927,19953
19927,19958
19953,19958
19953,19996
19958,19996
19958,20014
19996,20014
19996,20031
20014,20031
20014,20068
20031,20068
20031,20075
20068,20075
20068,20081
20075,20081
20075,20083
20081,20083
20081,20095
20083,20095
20083,20097
20095,20097
20095,20113
20097,20138
20097,76157
20113,20138
20113,20143
20138,20143
20138,20150
20143,20150
20143,20210
20150,20210
20150,20245
20210,20251
20245,20251
20245,24854
20251,20256
20251,20276
20256,20276
20256,20282
20276,20282
20276,50387
20282,20298
20282,20302
20282,29502
20298,20302
20298,20306
20302,20306
20302,20312
20306,20312
20306,20338
20312,20338
20312,20345
20338,20358
20338,36936
20345,20358
20345,20368
20358,20368
20358,20404
20368,20404
20368,20452
20404,20452
20404,20462
20404,53908
20452,20462
20452,83366
20462,20504
20462,20511
20462,38880
20504,20511
20504,20515
20511,20515
20511,20527
20515,20527
20515,20544
20527,20549
20527,47355
20544,20549
20544,20550
20549,20550
20549,20565
20550,20565
20550,20583
20565,20583
20565,20586
20583,20586
20583,60402
20586,20607
20586,20615
20607,20650
20607,73949
20615,20650
20615,20652
20650,20652
20650,20663
20652,20663
20652,20683
20663,20683
20663,20688
20683,20688
20683,20700
20688,20700
20688,20724
20700,20724
20700,20739
20724,20739
20724,20785
20739,20785
20739,20811
20785,20811
20811,20815
20811,20818
20815,20818
20815,36905
20815,93057
20818,20821
20818,94137
20821,20828
20821,20838
20828,20838
20828,20846
20838,20846
20838,20857
20846,20857
20846,20861
20846,41275
20857,20861
20857,20887
20861,20887
20861,20914
20887,20914
20887,20943
20914,20943
20914,42529
20943,20946
20943,20956
20946,20992
20956,20992
20956,20994
20992,20994
20992,58693
20994,20996
20994,20999
20996,20999
20996,21004
20999,21004
20999,21039
21004,21039
21004,21059
21039,21059
21039,21061
21059,21063
21059,45319
21061,21063
21061,61039
21063,21084
21063,21089
21084,21089
21084,21107
21089,21138
21089,57163
21107,21138
21107,21152
21138,21152
21138,21163
21152,21163
21152,21169
21163,21169
21163,89337
21169,21170
21169,21173
21170,21173
21170,21184
21170,89514
21170,55086
21173,21184
21173,21200
21184,21200
21184,21201
21200,21201
21200,79470
21200,78278
21201,21206
21201,21211
21206,21211
21206,21213
21211,21213
21211,21217
21213,21217
21213,21234
21217,21234
21217,21273
21234,21273
21234,21282
21273,21282
21273,21295
21282,21295
21282,21369
21295,21369
21295,21386
21369,21386
21369,31996
21386,21388
21386,21395
21388,21395
21388,21410
21395,21410
21395,60524
21395,42297
21410,21436
21410,21439
21436,21439
21436,21449
21439,21449
21439,21458
21449,21458
21449,21466
21458,21466
21458,21479
21458,97854
21466,21502
21466,24203
21479,21502
21479,21515
21502,21517
21515,21517
21515,21520
21517,21520
21517,21527
21520,21527
21520,21532
21527,21532
21532,21535
21532,57271
21532,72081
21535,21538
21535,21561
21538,21561
21538,21565
21561,21565
21561,21578
21565,21578
21565,21630
21578,21630
21578,21636
21630,21636
21630,21680
21636,21680
21636,21704
21680,21704
21680,21713
21704,21713
21704,21722
21713,21722
21713,21740
21722,21740
21722,21789
21740,21789
21740,21808
21789,21812
21789,76892
21808,21812
21808,21871
21812,21872
21812,22119
21871,21872
21871,21889
21872,21889
21872,21926
21889,21947
21889,31737
21926,21947
21926,21961
21947,21961
21947,75788
21961,21966
21961,21969
21966,21969
21966,21988
21969,21988
21969,22039
21988,22039
21988,22047
21988,41321
21988,53007
22039,22047
22039,22053
22047,22053
22047,22063
22053,22071
22053,80857
22053,44991
22063,22071
22063,22119
22071,22119
22071,22146
22071,86555
22119,22149
22119,83206
22146,22149
22146,22163
22149,22163
22149,82921
22163,22170
22163,22181
22170,22189
22170,96736
22181,22189
22181,22203
22189,22203
22189,22271
22203,22271
22203,31384
22271,22282
22271,22316
22282,22316
22282,22358
22282,92875
22316,22358
22316,22390
22316,30816
22358,22390
22358,22397
22390,22422
22390,62804
22397,22422
22397,22444
22422,22444
22422,23857
22444,22503
22444,22510
22503,22510
22503,22554
22510,22554
22510,22588
22510,29477
22554,22588
22554,22590
22588,22590
22588,22605
22590,22605
22590,22614
22605,22668
22605,58316
22614,22668
22614,22695
22668,22695
22668,22706
22695,22706
22695,22768
22706,22768
22768,22769
22768,22776
22768,38606
22769,22776
22769,22782
22776,22782
22776,22791
22782,22791
22782,22793
22791,22793
22791,22814
22793,22814
22793,22818
22814,22818
22814,22832
22818,22832
22818,22884
22832,22884
22832,22904
22832,46330
22884,22904
22884,22913
22904,22913
22904,22916
22913,22916
22913,22927
22916,22927
22916,22932
22927,22932
22927,22936
22932,22936
22932,22963
22936,22963
22936,23015
22963,74562
22963,84177
23015,23020
23015,23057
23020,23057
23020,23070
23057,23070
23057,23103
23057,56100
23070,23103
23070,93390
23103,23106
23103,23116
23106,23116
23106,23141
23116,23141
23116,23155
23141,23155
23141,23164
23155,23164
23155,23167
23164,23167
23164,23169
23167,23169
23167,23174
23169,23177
23174,23177
23174,23207
23177,23207
23177,23298
23207,23298
23207,23322
23298,23322
23298,23384
23322,23384
23322,23386
23384,23386
23384,23387
23386,23387
23386,23388
23387,23401
23387,80036
23387,90723
23388,23401
23388,23403
23401,23403
23401,23408
23403,23408
23403,23409
23403,35100
23408,23409
23408,23410
23409,23410
23409,23440
23410,23440
23410,23450
23440,23450
23440,23469
23450,23469
23450,23473
23469,23473
23469,23483
23473,23483
23473,23488
23473,61355
23483,23488
23483,23492
23488,23500
23488,94642
23488,75878
23492,23500
23492,23514
23500,23514
23500,23570
23514,23570
23514,23578
23570,23578
23570,23585
23578,23585
23578,23598
23578,35094
23585,23598
23585,23621
23585,28222
23598,23621
23598,44893
23621,23641
23621,23642
23641,23642
23641,23645
23642,23645
23642,23650
23645,23650
23645,93746
23645,40124
23650,23655
23650,23666
23655,23666
23655,23681
23666,23681
23666,23706
23681,23706
23681,78470
23706,23707
23707,23743
23707,23748
23743,23748
23743,23760
23748,23760
23748,23805
23760,23805
23760,23819
23805,23819
23805,23837
23819,23837
23819,23857
23837,23857
23837,23859
23837,44008
23857,23859
23859,23862
23859,23870
23862,23870
23862,23871
23870,23871
23870,23914
23871,23914
23871,23918
23914,23925
23914,69865
23918,23930
23918,98035
23925,23978
23925,49252
23930,23978
23930,24001
23978,24001
23978,24027
24001,24027
24001,24063
24027,24063
24027,24073
24063,24073
24063,24074
24073,24076
24073,70304
24074,24085
24076,24086
24076,61690
24085,24086
24085,24099
24086,24099
24086,24107
24099,24107
24099,24112
24107,24112
24107,24141
24112,24141
24112,30134
24141,24143
24141,24183
24143,24183
24143,24189
24183,24193
24183,84499
24189,24193
24189,24203
24193,24203
24203,24212
24203,24225
24203,57436
24212,24225
24212,24251
24225,24251
24225,24278
24251,24278
24251,24284
24278,24284
24278,24306
24284,24306
24284,24307
24306,24307
24306,57867
24307,24323
24307,24380
24323,31861
24323,63729
24380,24395
24380,24397
24395,24397
24397,24406
24397,24410
24406,24410
24406,24426
24410,24426
24410,24441
24426,24441
24426,24460
24441,24460
24441,24476
24460,24476
24460,24485
24476,24485
24476,24497
24476,78106
24485,24497
24485,82179
24497,24514
24497,24519
24514,24519
24514,24539
24519,24539
24519,24544
24539,24544
24539,24570
24544,24570
24544,24572
24570,24572
24570,24578
24570,75804
24572,24578
24572,24616
24578,24616
24578,24619
24616,24619
24616,24620
24616,88961
24619,24620
24619,24621
24619,51670
24620,24621
24620,24637
24621,24637
24621,44858
24621,64931
24637,24640
24637,24644
24640,24644
24640,24682
24644,24682
24644,24712
24644,71659
24682,24761
24682,66113
24712,24761
24712,24781
24712,89598
24761,24781
24761,24787
24761,70294
24761,94133
24781,24787
24781,24788
24787,71389
24787,61901
24788,24797
24788,24829
24797,24831
24797,87554
24829,24831
24829,24834
24831,24840
24831,94456
24834,24840
24834,24850
24840,24850
24840,24854
24850,24854
24850,24867
24854,24867
24854,24890
24854,91772
24867,24890
24867,24899
24890,24899
24890,24911
24890,69924
24899,24911
24899,24977
24911,25008
24977,25008
24977,25010
25008,25010
25008,25018
25010,25018
25010,25021
25018,25021
25018,25022
25021,25022
25021,25028
25022,25028
25022,25055
25028,25055
25028,25057
25055,25057
25055,25081
25057,25081
25057,25096
25081,25096
25081,25098
25096,25098
25098,25120
25098,25123
25120,25123
25120,25169
25123,25169
25123,25210
25169,25210
25169,25222
25210,25222
25210,96195
25222,25238
25222,25247
25238,25247
25238,25289
25247,25289
25247,25292
25289,25292
25289,25327
25292,25327
25292,25335
25327,25335
25327,25378
25335,25378
25335,25418
25378,25431
25418,25431
25418,25432
25418,82191
25431,25432
25431,25467
25432,25467
25432,25475
25467,25475
25467,25478
25475,25478
25475,25489
25478,25489
25478,25542
25478,57535
25489,25542
25489,25607
25542,25607
25542,25622
25607,25639
25622,25639
25622,25725
25639,25725
25639,25727
25725,25727
25725,25731
25727,25731
25727,25749
25731,25749
25731,25806
25749,25806
25749,25845
25749,36188
25806,25845
25806,25878
25845,25878
25845,25879
25878,25879
25878,25917
25879,25947
25879,36728
25917,25947
25917,25954
25947,25954
25947,26007
25954,26007
26007,26009
26007,26022
26009,26022
26009,26037
26022,26037
26022,26056
26037,26056
26037,26057
26056,26057
26056,26078
26057,26078
26057,26079
26078,26079
26078,26100
26079,26100
26079,26118
26100,26118
26100,26122
26118,26122
26118,26124
26118,64296
26122,26124
26122,26127
26124,26127
26124,26139
26124,31508
26127,26139
26127,26162
26139,26162
26139,26207
26139,32159
26162,26207
26162,26216
26207,26223
26216,26223
26216,56650
26223,26244
26223,26280
26244,26280
26244,26294
26280,26294
26280,26302
26280,58321
26294,26302
26294,26334
26302,26334
26302,26338
26334,26338
26334,26345
26334,57968
26338,26345
26338,26350
26338,92135
26345,26350
26345,26351
26345,43643
26350,26366
26350,72154
26351,26366
26351,26367
26366,26367
26366,26381
26367,26381
26367,26402
26381,26402
26381,26423
26381,70034
26402,26423
26402,26427
26423,26427
26423,26437
26427,26437
26427,26439
26437,26439
26437,26445
26439,26445
26439,26468
26445,26468
26445,26498
26468,26498
26468,26503
26498,26503
26498,26509
26503,26509
26503,26533
26509,26533
26509,26537
26533,26537
26533,26560
26537,26560
26537,26573
26560,26580
26560,39253
26573,26580
26573,26599
26573,98790
26580,26599
26580,26606
26599,26606
26599,26647
26606,26647
26606,26657
26647,26657
26647,26690
26657,26690
26657,26717
26690,26717
26690,26737
26717,26737
26717,26760
26737,26760
26737,26800
26760,26800
26760,26801
26800,26801
26800,26822
26801,26822
26801,26840
26822,26840
26822,26845
26840,26850
26840,96746
26840,94027
26845,26850
26845,26854
26850,26854
26850,26858
26854,26858
26854,26867
26858,26867
26867,26890
26867,26892
26890,26892
26890,26894
26892,26894
26892,54172
26894,26930
26927,26930
26927,26934
26927,37593
26930,26957
26930,36129
26934,26957
26934,26961
26957,26961
26957,26962
26961,26962
26961,52519
26961,84732
26962,26979
26962,27001
26962,31753
26979,27001
26979,27015
26979,66289
26979,79972
27001,27015
27001,27025
27015,27068
27025,27068
27025,27069
27068,27069
27068,27087
27069,27087
27069,27121
27087,27121
27087,27126
27121,27126
27121,27130
27126,27130
27126,27162
27130,27162
27162,27176
27162,27179
27176,50590
27176,81237
27176,32545
27179,27188
27179,27203
27188,27203
27188,27211
27203,27211
27203,27253
27211,27253
27211,27272
27253,27272
27253,27277
27253,42169
27272,27284
27277,27284
27277,27299
27284,27299
27284,27322
27299,27322
27299,27346
27322,27346
27322,27378
27346,27378
27346,27389
27378,27389
27378,27440
27389,27440
27389,90067
27440,27455
27449,27455
27449,27481
27449,51539
27455,27481
27455,27490
27481,27490
27481,27498
27490,27498
27490,27523
27498,27523
27498,27551
27498,98790
27523,27551
27523,27552
27551,27568
27551,60952
27552,27568
27552,27580
27568,27580
27568,27584
27580,27584
27580,78524
27584,27591
27584,27612
27591,27640
27612,27640
27612,27647
27612,78677
27640,27647
27640,27673
27647,27673
27647,27688
27647,81879
27673,27688
27673,98114
27688,27705
27688,27717
27705,27717
27717,27720
27717,27721
27720,27721
27720,27733
27720,35494
27721,27733
27721,27736
27733,27736
27733,27749
27736,27749
27736,27754
27749,27754
27749,27827
27754,27827
27754,27840
27827,27840
27827,27850
27840,27850
27840,27859
27850,27859
27850,27869
27859,27869
27859,27891
27869,27891
27869,27900
27891,27900
27891,27906
27891,65096
27900,27906
27900,36778
27906,27914
27906,60000
27913,27914
27913,27920
27914,27920
27914,27921
27920,27921
27920,27925
27921,27925
27921,27930
27925,27930
27925,27960
27930,27960
27930,27962
27960,27962
27960,28833
27962,27975
27962,27989
27975,27989
27975,27996
27975,28182
27989,27996
27989,28031
27996,28031
27996,28061
27996,55464
27996,66919
28031,28061
28031,87778
28061,28076
28061,28087
28076,28087
28076,28096
28076,77024
28087,28096
28087,28134
28096,28134
28096,28152
28134,28152
28134,28171
28152,28171
28152,28180
28152,41838
28152,53367
28171,28180
28171,28182
28180,28182
28180,28187
28182,28193
28187,28193
28187,28196
28193,28196
28193,28206
28196,28206
28196,28222
28206,28231
28206,71445
28222,28232
28231,28234
28231,56349
28232,28234
28232,28237
28234,28237
28234,28291
28237,28291
28237,28300
28291,28300
28291,28308
28300,28308
28300,28325
28308,28325
28308,28328
28325,28328
28325,28360
28328,28360
28328,28363
28360,28363
28360,28398
28360,61365
28363,28398
28363,28417
28363,78278
28398,28428
28398,98368
28417,28428
28417,28433
28428,28433
28428,28441
28433,28441
28433,28446
28441,28446
28441,28459
28446,28459
28446,28482
28459,28482
28482,28485
28482,52238
28485,28499
28485,28502
28499,28502
28499,28510
28502,28510
28502,28513
28510,28513
28510,28517
28513,28517
28513,28521
28517,28521
28517,28528
28521,28528
28521,28530
28528,28530
28528,28544
28530,28550
28544,28550
28544,89462
28550,28551
28550,28560
28551,28560
28551,28580
28560,28580
28560,28599
28580,28599
28580,28616
28599,28616
28599,28618
28616,28618
28616,28620
28618,28620
28618,28646
28620,28646
28620,28660
28646,28660
28646,28678
28660,28678
28660,28698
28660,51626
28678,28698
28678,28716
28698,28716
28698,28751
28716,28751
28716,28780
28751,28780
28751,28818
28780,28818
28780,28833
28780,89446
28818,28833
28818,28841
28833,70776
28833,86544
28841,28874
28841,85784
28841,69040
28861,28874
28861,28881
28874,28886
28874,51286
28881,28886
28881,28895
28886,28895
28886,28907
28895,28907
28895,28918
28907,28918
28907,28922
28918,28922
28918,28936
28922,28936
28922,28999
28936,28999
28936,29012
28999,29012
28999,29050
29012,29050
29012,29062
29050,29062
29050,29067
29062,29067
29062,29068
29062,34080
29067,29068
29067,34574
29068,29075
29068,59501
29075,29078
29075,29085
29078,29085
29078,29093
29085,29093
29085,29135
29093,29135
29093,29146
29135,29146
29135,29153
29146,29153
29146,29155
29153,29155
29153,29167
29155,29167
29155,29172
29167,29172
29167,29232
29172,29232
29172,29246
29232,80449
29246,29253
29246,29270
29253,29282
29253,33490
29270,29282
29270,29291
29282,29291
29282,29303
29282,70605
29291,29316
29291,34325
29291,61420
29303,29330
29303,63184
29316,29330
29316,29348
29330,29348
29330,29349
29330,81722
29348,29349
29348,29380
29348,68629
29349,29380
29349,29391
29380,29393
29380,78334
29391,29404
29391,31783
29393,29404
29393,29412
29393,96775
29404,29412
29404,29437
29404,36997
29412,29437
29412,29447
29437,29447
29437,29477
29447,29477
29447,29485
29477,29502
29485,29502
29485,29546
29502,29546
29546,29583
29546,81930
29546,56759
29583,29589
29583,29590
29589,29590
29589,29607
29590,29607
29590,29643
29607,29643
29643,29684
29643,29685
29684,29685
29684,29688
29685,29688
29685,29694
29688,29694
29688,29709
29694,29709
29694,29714
29709,29714
29709,29731
29714,29731
29714,29748
29731,29748
29731,35670
29748,29757
29748,29771
29748,58265
29757,29771
29757,29781
29771,29781
29771,29820
29781,29820
29781,29827
29820,29827
29820,29852
29827,29852
29827,29854
29852,29854
29852,29856
29854,29856
29854,29864
29856,29864
29856,29866
29864,29866
29864,29900
29866,29900
29866,29917
29900,29917
29900,29922
29917,29922
29917,29938
29922,29938
29922,29944
29938,29944
29938,29971
29944,30005
29971,30005
29971,30048
30005,30048
30005,30061
30005,36506
30048,30061
30048,30092
30061,30092
30061,30101
30092,30101
30092,30114
30101,30114
30101,30122
30114,30122
30114,30134
30122,30134
30122,30141
30134,30141
30141,30189
30141,30223
30189,30223
30189,30238
30223,30258
30223,37935
30238,30258
30238,30286
30258,30286
30258,30302
30258,86356
30286,30302
30286,30316
30302,30316
30302,30325
30316,30325
30316,30358
30316,32700
30316,52234
30325,30358
30325,30359
30358,30359
30358,30376
30359,30376
30359,30383
30376,30383
30376,30400
30383,30400
30383,30416
30400,30416
30400,30427
30400,85427
30416,30427
30416,30433
30427,30433
30427,30447
30433,30447
30433,30462
30447,30462
30447,30464
30462,30464
30462,40293
30464,30475
30464,30478
30475,30478
30475,34551
30478,30479
30478,30492
30479,30492
30479,30513
30492,30513
30492,30520
30513,30520
30513,30551
30520,30551
30520,30600
30520,84692
30551,30600
30551,30627
30600,30627
30600,30636
30627,30636
30627,30651
30636,30651
30636,30660
30651,30660
30651,30671
30660,30671
30660,30676
30660,57928
30671,30676
30671,30680
30676,30680
30676,30702
30680,30702
30680,30719
30702,30719
30702,30728
30719,30728
30719,30739
30719,78902
30728,30739
30728,30740
30728,94346
30739,30740
30739,30785
30740,30785
30740,30816
30785,30816
30785,30824
30816,30832
30824,94133
30824,69917
30832,30843
30832,38002
30832,37123
30840,30843
30840,30848
30843,30848
30843,30880
30848,30880
30848,30895
30880,30895
30880,30898
30895,30898
30895,30919
30898,30919
30898,30928
30919,30928
30919,30966
30928,38122
30928,45154
30966,30982
30966,30983
30982,30983
30982,31001
30983,31001
30983,31021
31001,31021
31001,31035
31021,31035
31021,31057
31035,31057
31035,51453
31057,31061
31057,31077
31061,31077
31061,31104
31077,31104
31077,31110
31104,31110
31104,31127
31110,31127
31110,31131
31127,31131
31127,31165
31131,31166
31131,77722
31165,31166
31165,31168
31166,31168
31166,31202
31168,31202
31168,31214
31202,31214
31202,31264
31214,31268
31214,82191
31264,31268
31264,31290
31268,31290
31268,31297
31290,31297
31290,31306
31297,31306
31297,36697
31306,31314
31306,31332
31314,31332
31314,31344
31332,31344
31332,31355
31344,31355
31344,31370
31355,31370
31355,31384
31370,31385
31370,57402
31370,43745
31384,31385
31384,31388
31385,31388
31385,31391
31385,52538
31388,31395
31391,31395
31391,98401
31395,31396
31395,91364
31396,31413
31396,91445
31400,31413
31400,52339
31413,31424
31413,31428
31424,31428
31424,65103
31428,31463
31428,31466
31463,31481
31463,67892
31466,31481
31466,31485
31481,31485
31481,31502
31481,80919
31485,31502
31485,31508
31502,31512
31502,48389
31508,31519
31508,33344
31512,31519
31512,31527
31512,55061
31519,31527
31519,31596
31527,31596
31527,31604
31596,31621
31596,33424
31604,31621
31604,31628
31621,31628
31621,31630
31628,31630
31628,31646
31630,31646
31630,31668
31630,70595
31646,31668
31646,31677
31668,31737
31668,76206
31677,31737
31677,31749
31737,31749
31737,31753
31737,63026
31737,66143
31749,31753
31749,31761
31753,68619
31761,31764
31761,31783
31761,37600
31764,31783
31764,31789
31783,31789
31783,91987
31789,31800
31789,31810
31800,31810
31800,31811
31810,31811
31810,31820
31811,31820
31811,31825
31820,31831
31820,57051
31825,31831
31825,31838
31831,31838
31831,31840
31838,31840
31838,31858
31840,31858
31840,31861
31858,31861
31858,48404
31861,31876
31861,31889
31876,31889
31876,31890
31889,31890
31889,31894
31890,31894
31890,31905
31894,31905
31894,31920
31905,31920
31905,31923
31920,31923
31920,31931
31923,31931
31923,31977
31931,31977
31931,31982
31977,31982
31977,31996
31982,31996
31982,32003
31996,32003
31996,32015
32003,32015
32003,32023
32015,32023
32015,32030
32023,32030
32023,32056
32023,34376
32030,32056
32030,32064
32056,32064
32056,32115
32064,32115
32064,32116
32064,45317
32115,32116
32115,32159
32116,32159
32116,32166
32159,32173
32166,32174
32173,32174
32173,32192
32174,32192
32174,32209
32192,32232
32192,79440
32192,45533
32209,32232
32209,60131
32232,32241
32232,32253
32241,32253
32253,32262
32253,32277
32262,32277
32262,32287
32277,32287
32277,32300
32287,32300
32287,32330
32300,32330
32300,32334
32330,32334
32330,32360
32334,32360
32334,32364
32360,32364
32360,93538
32364,32377
32364,60844
32370,32377
32370,32402
32377,32402
32377,32409
32402,32409
32402,32410
32409,32410
32409,32420
32410,32420
32410,32435
32420,32435
32420,32440
32420,37396
32435,32440
32435,32448
32440,32448
32440,32449
32448,32449
32448,32540
32449,32540
32449,32545
32540,32545
32540,32608
32545,32616
32545,35308
32608,32616
32608,32628
32616,32628
32616,32639
32628,32639
32628,32640
32639,32640
32639,32658
32640,32658
32640,32665
32658,32665
32658,32687
32665,32687
32665,32700
32687,32700
32687,32726
32700,32765
32726,32765
32726,32777
32765,32777
32765,32780
32777,32780
32777,32825
32780,32825
32780,32843
32825,32843
32825,32851
32843,32851
32843,32902
32851,32902
32851,32903
32902,32903
32902,32949
32903,32949
32903,32972
32949,32994
32972,33016
32972,41967
32972,39867
32994,33016
32994,33033
33016,33033
33016,33058
33033,33058
33033,63971
33058,33073
33058,33078
33073,33078
33073,33079
33078,33079
33078,33156
33079,33164
33079,62782
33156,33164
33156,33171
33164,33171
33164,33206
33171,33206
33171,33214
33206,33214
33206,33220
33214,33220
33214,33229
33214,79588
33220,33229
33220,33232
33229,33232
33229,33240
33232,33240
33232,33250
33240,33250
33240,33260
33250,33260
33250,33267
33260,33267
33260,33280
33267,33280
33267,33311
33280,33311
33280,33344
33311,33344
33311,33348
33344,33349
33348,33349
33348,33355
33349,33355
33349,33372
33355,33372
33355,33424
33372,33424
33372,33444
33372,99474
33424,33444
33424,33474
33424,44052
33444,33474
33444,42728
33474,33490
33474,58840
33480,33490
33480,33537
33490,33537
33490,33550
33537,33550
33537,33570
33550,33570
33550,81075
33570,33602
33570,33658
33602,33658
33602,33664
33658,33664
33658,33668
33658,53005
33664,33668
33664,54683
33668,33704
33668,33729
33704,33729
33704,33741
33729,33741
33729,33792
33741,33819
33741,75191
33792,33819
33792,33826
33819,33826
33819,33853
33826,33853
33826,33858
33853,33858
33853,33885
33858,33885
33858,33902
33885,33902
33885,33914
33902,33914
33902,33952
33914,33952
33914,33984
33952,33988
33952,83276
33984,33988
33984,33994
33988,33994
33988,33999
33988,53837
33994,33999
33994,34008
33999,34008
33999,34065
34008,34065
34008,34069
34008,52585
34065,34069
34065,34080
34069,34080
34069,34105
34080,34106
34105,34106
34105,34108
34106,34108
34106,34116
34108,34116
34108,34132
34116,34132
34116,34145
34116,68652
34132,34145
34132,34153
34145,34153
34145,34177
34153,34177
34153,34183
34177,34183
34183,34192
34183,34195
34192,34195
34192,34213
34195,34255
34213,34255
34213,34261
34213,38458
34255,34261
34255,34262
34261,34262
34261,34269
34262,34269
34262,34277
34269,34277
34269,34279
34277,34279
34277,37914
34279,34308
34279,34325
34308,34325
34308,92949
34325,34329
34325,34331
34329,34331
34329,34342
34329,97152
34331,34344
34331,45371
34342,34344
34342,34353
34344,34353
34344,71058
34353,34358
34353,34376
34358,34376
34358,34406
34376,34406
34406,34442
34406,34450
34442,34450
34442,34473
34450,34473
34450,34489
34450,91146
34473,34489
34473,34526
34489,34526
34489,34539
34489,56349
34526,34539
34526,34546
34539,34546
34539,34551
34546,34551
34546,34553
34551,34553
34551,34568
34553,34568
34553,34574
34568,34574
34568,34589
34574,34589
34574,34658
34589,34658
34589,34663
34658,34663
34658,34666
34658,47747
34658,60113
34663,34666
34663,34678
34666,34678
34666,34713
34678,34716
34678,45495
34678,42079
34713,34716
34713,34726
34716,34726
34716,34729
34726,34729
34726,58891
34729,34752
34729,99995
34752,34801
34752,94786
34801,34807
34801,80287
34801,44464
34807,34820
34807,34828
34820,34828
34820,34852
34828,34852
34828,34855
34852,34855
34852,34857
34855,34857
34855,34867
34857,34867
34857,34869
34867,34904
34867,56223
34869,34904
34869,34929
34869,40574
34904,34929
34904,34935
34929,34935
34929,34937
34935,34937
34935,34965
34937,34965
34937,34990
34965,34990
34965,35007
34990,35007
34990,35056
35007,35056
35007,35069
35056,35069
35056,35088
35069,35088
35069,35094
35088,35094
35088,35100
35094,35151
35100,35152
35151,35152
35151,35159
35152,35159
35152,35191
35159,35191
35159,35194
35159,64763
35191,35194
35191,35205
35194,35205
35194,35217
35205,35217
35205,35246
35217,35246
35217,35270
35217,57989
35246,35270
35270,35308
35270,35339
35308,35339
35308,35345
35339,35345
35339,35354
35345,35354
35345,35366
35354,35366
35354,35369
35366,35369
35366,35429
35369,35429
35369,41439
35429,35431
35429,35441
35431,35441
35431,35442
35441,35442
35441,35448
35442,35448
35442,35469
35442,52427
35448,35469
35448,35481
35469,35481
35469,35494
35481,35494
35481,35506
35494,35506
35506,35513
35506,35530
35513,35530
35513,35576
35530,35576
35530,44223
35576,35599
35576,35612
35599,35612
35599,35637
35612,35637
35612,35666
35612,63774
35612,96195
35637,35666
35637,35670
35666,35670
35666,35689
35666,84475
35670,35689
35670,35694
35670,53293
35689,35694
35689,35697
35694,35697
35694,35719
35697,35719
35697,35749
35719,35749
35719,35844
35749,35844
35749,35849
35844,35849
35844,35890
35844,90440
35849,35890
35849,35903
35890,35903
35890,35932
35903,35932
35903,35939
35932,35939
35932,35942
35939,35942
35939,35978
35942,35978
35942,35980
35978,35980
35978,35998
35980,35998
35980,36009
35998,36009
35998,36043
36009,36043
36009,36047
36043,36047
36043,36067
36047,36067
36047,36075
36067,36075
36067,36129
36067,78292
36075,36129
36075,36145
36129,36145
36145,36155
36145,36187
36145,46902
36155,36187
36155,36188
36155,87298
36187,36188
36187,36277
36188,36277
36277,36285
36277,36288
36285,36288
36285,36300
36288,36301
36288,68704
36300,36301
36300,36333
36301,36333
36301,36344
36333,36344
36333,36357
36344,36357
36344,36360
36357,36360
36357,36366
36360,36366
36360,36401
36366,36401
36366,98328
36401,36407
36401,36430
36407,36430
36407,36434
36430,36434
36430,36436
36434,36441
36434,76241
36436,36457
36436,85078
36441,36457
36441,36490
36457,36490
36457,36495
36490,36495
36490,36505
36495,36505
36495,36506
36505,36506
36505,36545
36506,36558
36545,36558
36545,36648
36558,36648
36558,36652
36558,50848
36648,36652
36648,36661
36652,36661
36652,36681
36661,36681
36661,36687
36681,36687
36681,36690
36687,36690
36687,36692
36690,36692
36690,36694
36692,36694
36692,36697
36694,36697
36694,36705
36697,36705
36697,36709
36705,36709
36705,36714
36709,36714
36709,36719
36714,36719
36714,36728
36719,36728
36719,36733
36719,44712
36728,36733
36728,36734
36733,36734
36733,36735
36734,36735
36734,36737
36735,36737
36735,36739
36735,99672
36737,36739
36737,36778
36739,36778
36739,36781
36778,36781
36778,36786
36781,36786
36781,36788
36786,36788
36786,36807
36788,36807
36788,36828
36807,36828
36807,36834
36828,36839
36828,81441
36834,36839
36834,36841
36839,36841
36839,36861
36841,36861
36841,36867
36861,36867
36861,36881
36867,36881
36867,36883
36881,36883
36881,40217
36883,36905
36885,36905
36885,36910
36905,36910
36905,36916
36910,36916
36910,36918
36916,36918
36916,36921
36918,36921
36918,36936
36921,36936
36921,36969
36936,36969
36936,80501
36969,36990
36969,36997
36990,36997
36990,37021
36997,37021
37021,37023
37021,37031
37023,37031
37023,37071
37031,37071
37031,37077
37071,57022
37071,75660
37077,37088
37077,37107
37077,79397
37088,37107
37088,37123
37107,37123
37107,37136
37123,37136
37136,37151
37136,37164
37151,37164
37151,37193
37164,37193
37164,37201
37193,37201
37193,37202
37201,37202
37201,37203
37202,37203
37202,37218
37203,37218
37203,37231
37218,37231
37218,37237
37231,37237
37231,37239
37237,37239
37237,37251
37239,37251
37239,37268
37251,37268
37251,37301
37268,37301
37268,89727
37268,91633
37301,37311
37301,37729
37305,37311
37305,37314
37311,37314
37311,37365
37314,37365
37314,37368
37365,37368
37365,37376
37368,37376
37368,37384
37368,61083
37376,37384
37376,37386
37384,37386
37384,37391
37386,37391
37386,37396
37391,37396
37391,37398
37396,37398
37398,37404
37398,37406
37398,54762
37404,37406
37404,37413
37406,37413
37406,37416
37413,37416
37413,37438
37416,37438
37416,37464
37438,37464
37438,37471
37438,68629
37464,37471
37464,37481
37471,37481
37471,37515
37481,37515
37481,37524
37515,37524
37515,70780
37524,37528
37524,87497
37528,37565
37528,37569
37565,37569
37565,37580
37569,37580
37569,37583
37580,37583
37580,37593
37583,37593
37583,37600
37593,37600
37600,37617
37614,37617
37614,37656
37617,37656
37617,37657
37656,37657
37656,37672
37657,37672
37657,37697
37672,37697
37672,37704
37697,37729
37697,57396
37704,37733
37704,99963
37729,37733
37729,37740
37733,37740
37733,37764
37740,37784
37740,52021
37764,37784
37764,37812
37784,37812
37784,37813
37812,37813
37812,37814
37813,37814
37813,37889
37814,37889
37814,91440
37889,37895
37889,37902
37895,37902
37895,37914
37902,37914
37902,37931
37914,37931
37914,37932
37931,37932
37931,37935
37932,37935
37932,37943
37935,37966
37943,37966
37943,37985
37966,37985
37966,38002
37966,57966
37985,38002
37985,38005
38002,38005
38002,88551
38005,38008
38005,38017
38008,38017
38008,38025
38017,38025
38017,38047
38025,38047
38025,38048
38047,38048
38047,67093
38048,38097
38048,49110
38082,38097
38082,38122
38097,38122
38097,38128
38122,38128
38122,38130
38128,38130
38128,38148
38130,38148
38130,38177
38148,38177
38148,59115
38177,38207
38177,98114
38184,38207
38184,38208
38207,38208
38207,38211
38208,38211
38208,38232
38211,38232
38211,38234
38211,52341
38232,38234
38232,38241
38232,91295
38234,38241
38234,38246
38234,41967
38241,38256
38241,41989
38246,38256
38246,38265
38256,38265
38256,38281
38265,38281
38265,38294
38281,38294
38281,38295
38294,38298
38294,86554
38295,38298
38295,38330
38298,38330
38298,38334
38330,38334
38334,38352
38334,38365
38352,38365
38352,38370
38365,38370
38365,38378
38365,80839
38370,38381
38370,80950
38378,38381
38378,38387
38378,62652
38381,38387
38381,38411
38387,38411
38387,38445
38411,38445
38411,38455
38411,81469
38445,38455
38445,38458
38455,38458
38455,38461
38458,38516
38458,54197
38461,38516
38461,38574
38516,38574
38516,38578
38574,38578
38574,38598
38578,38598
38578,38606
38598,38610
38606,38610
38610,38626
38610,38636
38626,38636
38626,38637
38636,38637
38636,38639
38636,53217
38636,42774
38637,38639
38637,38647
38639,38647
38639,38667
38647,38667
38647,38679
38667,38679
38667,38688
38679,38688
38679,38705
38688,38705
38688,38723
38688,40283
38705,38723
38705,38767
38705,58233
38723,38767
38723,38780
38767,38780
38767,38782
38780,38782
38780,38835
38782,38835
38835,38880
38835,38888
38880,38888
38888,38903
38888,38905
38903,38905
38903,38911
38903,82108
38905,38911
38905,38925
38911,38925
38911,80855
38925,38943
38925,38968
38943,38968
38943,38985
38943,79395
38968,38985
38968,38989
38985,38989
38985,39042
38989,39050
38989,67563
39042,39050
39042,39053
39050,39053
39050,39055
39053,39055
39053,39070
39055,39070
39055,83889
39070,39091
39070,39100
39091,39100
39091,41221
39100,39135
39100,39140
39135,39140
39135,39162
39140,39162
39140,39165
39140,55938
39162,39165
39162,96163
39165,39184
39165,39190
39184,39190
39184,39207
39190,39207
39190,39228
39207,39228
39207,39233
39228,39233
39228,39239
39233,39239
39233,39253
39239,39255
39239,76235
39253,39255
39253,64296
39255,39261
39255,39265
39261,39265
39261,39266
39265,39266
39265,39292
39266,39292
39266,39373
39292,39373
39292,39380
39373,39380
39373,39384
39380,39384
39380,39401
39384,39401
39384,39403
39401,39403
39401,39430
39403,39430
39403,39438
39430,39438
39430,39448
39438,39448
39438,39449
39448,39449
39448,39451
39449,39451
39449,39452
39451,39452
39451,39464
39452,39464
39452,39489
39464,39509
39464,49606
39489,39517
39489,41018
39509,39517
39509,39543
39517,39543
39517,39549
39543,39549
39543,39553
39549,39553
39549,39568
39553,39576
39553,94363
39568,39576
39568,39582
39576,39582
39576,39609
39582,39609
39582,39655
39609,39662
39655,39662
39655,39668
39655,40251
39662,39668
39662,39677
39668,39677
39668,39694
39677,39694
39677,39720
39694,39720
39694,39757
39720,39757
39720,39771
39720,46804
39757,39771
39757,39789
39771,39789
39771,39793
39789,39793
39789,39798
39793,39798
39793,39812
39798,39812
39798,39838
39812,39838
39812,39867
39838,39867
39838,39917
39838,66790
39867,39929
39917,39929
39917,39962
39929,39962
39929,39970
39962,39970
39962,40006
39970,40006
39970,40013
40006,40013
40006,40014
40013,40014
40013,40028
40014,40028
40014,40049
40028,40049
40028,40052
40049,40052
40049,40066
40052,40066
40052,40082
40066,40082
40066,40085
40082,40085
40082,40122
40085,40124
40085,53988
40122,40124
40122,40145
40122,92442
40124,40145
40145,40163
40145,40180
40163,40180
40163,40185
40180,40185
40180,40217
40185,40217
40185,40251
40217,40251
40217,40283
40217,96679
40251,40283
40251,65348
40283,40293
40285,40293
40285,40335
40293,40335
40293,40336
40293,92918
40335,40336
40335,40340
40336,40340
40336,40370
40340,40370
40340,40382
40370,40382
40370,40421
40382,40421
40382,40424
40421,40424
40421,40435
40424,40435
40424,40441
40435,40441
40435,40460
40441,40460
40441,40463
40441,65222
40460,40463
40460,40465
40463,40490
40463,70256
40465,40490
40465,40553
40490,40553
40490,40571
40553,40571
40553,40574
40571,40574
40571,40598
40574,40598
40598,40625
40598,40639
40625,40639
40625,40651
40639,40651
40639,40679
40639,70051
40651,40679
40651,40700
40679,40700
40679,40701
40700,40725
40701,40725
40701,40739
40725,40739
40725,40750
40739,40750
40739,66160
40750,40758
40750,40763
40758,40763
40758,40792
40763,40792
40763,40882
40792,40882
40792,40898
40882,40898
40882,40990
40898,40990
40898,40998
40990,40998
40990,41002
40998,41002
40998,41018
41002,41018
41002,41037
41018,41037
41018,41068
41037,41068
41037,41082
41037,51372
41068,41082
41068,41112
41082,41112
41082,41133
41112,41133
41133,41138
41133,41183
41138,41183
41138,41195
41183,41195
41183,41221
41195,41221
41195,41222
41221,41222
41221,41232
41221,48885
41222,41232
41222,41275
41232,41275
41232,41290
41275,41290
41290,41307
41290,41321
41307,41326
41307,84290
41321,41329
41326,41337
41326,91232
41329,41337
41329,41351
41337,41351
41351,41367
41351,41372
41367,41372
41367,41390
41372,41390
41372,41399
41390,41410
41390,56435
41399,41410
41399,41412
41410,41412
41410,41439
41412,41439
41412,41453
41439,41453
41439,41559
41439,78144
41453,41559
41453,41573
41559,41573
41559,98858
41573,41659
41573,41661
41573,99795
41659,41661
41659,41680
41661,41680
41661,41690
41680,41701
41690,41701
41690,41733
41701,41733
41701,41748
41701,43159
41733,41748
41748,41761
41748,41784
41761,41784
41761,41822
41761,89129
41784,41822
41784,41832
41822,41832
41822,41836
41822,85557
41832,41838
41832,60379
41836,41838
41836,41848
41838,41868
41838,64957
41848,41868
41848,41891
41868,41891
41868,41955
41891,41955
41891,41967
41955,41967
41955,41971
41967,41973
41971,41973
41971,41975
41973,41975
41973,41980
41975,41980
41975,41989
41980,41989
41980,42003
41989,42003
41989,53388
42003,42020
42003,42032
42020,42032
42020,42033
42032,42033
42032,42056
42033,42056
42033,42078
42056,42078
42056,42079
42078,42079
42078,42097
42078,57267
42079,42098
42097,42098
42097,73812
42098,42101
42098,42104
42101,42104
42101,42120
42104,42120
42104,42137
42120,42137
42120,42138
42120,95108
42137,42151
42137,44703
42138,42151
42138,42169
42151,42169
42151,42182
42169,42182
42182,42188
42182,42243
42188,42243
42188,42265
42243,42265
42243,42267
42265,42267
42265,42293
42267,42297
42267,90244
42293,42297
42293,42336
42297,42336
42297,42382
42336,42382
42336,42393
42382,42393
42382,42401
42393,42401
42393,42440
42401,42440
42401,42448
42440,42458
42440,61690
42448,42458
42448,42469
42458,42469
42458,42472
42469,42483
42469,92498
42472,42483
42472,42502
42483,42502
42483,42505
42502,42505
42502,42529
42505,42529
42505,42554
42529,42554
42529,42556
42554,42556
42554,42587
42556,42587
42556,42602
42587,42602
42587,42603
42602,42603
42602,42639
42603,42652
42639,42652
42639,42660
42652,42662
42660,42662
42660,42728
42662,42728
42662,42729
42728,42729
42728,42730
42729,42730
42729,42741
42730,42741
42730,42774
42741,42774
42741,42794
42774,42794
42794,42795
42794,42796
42795,42796
42795,51325
42796,42801
42796,42851
42801,42851
42801,42869
42851,42869
42851,42918
42869,42928
42869,54645
42918,42928
42918,42972
42928,42972
42928,42988
42972,42988
42972,43013
42988,43013
42988,43015
43013,43015
43013,43020
43013,44616
43015,43020
43015,43037
43020,43037
43020,43054
43037,43054
43037,43089
43054,43089
43054,43098
43089,43098
43089,43122
43089,43715
43098,43122
43098,43138
43122,43138
43122,43159
43138,43159
43138,71682
43159,43176
43176,43180
43176,43183
43180,43183
43180,43194
43183,43194
43183,43198
43183,99397
43194,43198
43194,43204
43194,47793
43198,43204
43198,43215
43204,43215
43204,43274
43215,43275
43215,75973
43274,43275
43274,43281
43275,43281
43275,43294
43281,43294
43281,43299
43294,43299
43294,43320
43299,43320
43299,43343
43320,43343
43320,43350
43343,43350
43350,43382
43350,43447
43382,43447
43382,43455
43382,88226
43447,43455
43447,43476
43455,43476
43455,43488
43476,43488
43476,43490
43476,87924
43488,43525
43488,91834
43490,43525
43490,43530
43525,43530
43525,43558
43530,43558
43530,43603
43530,93317
43558,43603
43558,43607
43603,43607
43603,43643
43607,43643
43607,43648
43643,43648
43643,64252
43648,43670
43648,43689
43670,43689
43670,43713
43689,43713
43689,43715
43713,43715
43713,90274
43715,43736
43729,43736
43729,54382
43736,43745
43736,43751
43745,43751
43751,43766
43751,43767
43766,43767
43766,43805
43766,56987
43767,43805
43767,43843
43805,43843
43805,43846
43843,43846
43843,43852
43843,78316
43846,43852
43846,43870
43852,43870
43852,43879
43870,43879
43870,43893
43879,43893
43879,43931
43893,43931
43893,43943
43893,48439
43931,43943
43931,43951
43943,43951
43951,43958
43951,43960
43958,43960
43958,43989
43960,43989
43960,44008
43989,44008
43989,44052
44008,44053
44052,44072
44053,44072
44053,44101
44053,70491
44072,44101
44072,44122
44101,44122
44101,44129
44122,44129
44122,44140
44122,87652
44129,44140
44129,44146
44140,44146
44140,44158
44146,44158
44146,44161
44158,44161
44158,44180
44161,44180
44161,44181
44180,44181
44180,44184
44181,44184
44181,44200
44181,45504
44184,44200
44184,44223
44200,44223
44200,44226
44223,44226
44226,44232
44226,44236
44232,44236
44232,79972
44236,44238
44236,44240
44238,44240
44238,70725
44240,44258
44240,44270
44258,44270
44258,44291
44270,44291
44270,44329
44291,44329
44291,44370
44329,44370
44329,44372
44370,44372
44370,44385
44372,44385
44372,44394
44385,44394
44385,46775
44394,44419
44394,44464
44419,44464
44419,44481
44464,44481
44481,44498
44481,44524
44498,44524
44498,44538
44524,44544
44524,80250
44538,44544
44538,44551
44544,44551
44544,44616
44551,44616
44551,44631
44616,44703
44631,44703
44631,44712
44703,44712
44703,44714
44712,44714
44714,44736
44714,44742
44736,44742
44736,44774
44742,44774
44742,44789
44774,44789
44774,44828
44789,44828
44789,44838
44828,44838
44828,44844
44838,44844
44838,44853
44844,44853
44844,44857
44853,44857
44853,85382
44853,88592
44857,44858
44857,44862
44858,44864
44862,44864
44862,44878
44864,44878
44864,44893
44878,44893
44878,44906
44893,44906
44893,44916
44906,44916
44906,44930
44906,58836
44916,44930
44916,44934
44916,52538
44930,44938
44930,98914
44934,44938
44934,44950
44938,44950
44938,44956
44950,44956
44950,44964
44956,44964
44956,44969
44964,44969
44964,44991
44969,44991
44969,45010
44991,45017
44991,52506
45010,45017
45010,45032
45017,45032
45017,45034
45032,45034
45032,45039
45034,45039
45034,45065
45039,45065
45039,45091
45065,45154
45065,94642
45091,45154
45091,57405
45154,45157
45154,45164
45157,45164
45157,45174
45164,45174
45164,64313
45174,45229
45174,45251
45174,60475
45229,45251
45229,45266
45229,69649
45251,45266
45251,45307
45266,45307
45266,45315
45307,45315
45307,45317
45315,45317
45315,45319
45317,45321
45319,45322
45321,45322
45321,45350
45321,66140
45322,45350
45322,45357
45350,45357
45357,45371
45357,45392
45371,45392
45371,45393
45371,66173
45392,45393
45392,45442
45393,45442
45393,45454
45442,45454
45442,45480
45454,45480
45454,45484
45480,45484
45480,45493
45484,45493
45484,45495
45493,45495
45493,45504
45495,45504
45495,45532
45504,45532
45532,45538
45532,89333
45532,46304
45533,45548
45538,45548
45538,45557
45548,45557
45548,45564
45557,45564
45557,45565
45564,45565
45564,45570
45565,45570
45565,45606
45570,45606
45570,74447
45606,45632
45606,45679
45632,45679
45679,45681
45679,45698
45681,45702
45681,88080
45698,45702
45698,45730
45698,54152
45702,45730
45702,45733
45730,45733
45730,59349
45733,45738
45733,45762
45738,45772
45762,45772
45762,45773
45772,45773
45772,45777
45773,45777
45773,45839
45777,45839
45777,45851
45777,58526
45839,45851
45839,45868
45851,45868
45851,45876
45868,45876
45868,45881
45876,45881
45876,45924
45881,45924
45881,45928
45924,45928
45924,45937
45928,45937
45928,45966
45937,45966
45937,55461
45966,45968
45966,59962
45968,46002
45968,46025
46002,46025
46002,46032
46002,58838
46025,46032
46025,46040
46032,46044
46040,46044
46044,46047
46044,46060
46044,91795
46047,46060
46047,46080
46060,46080
46060,46101
46080,46101
46080,46102
46101,46102
46101,46124
46102,46124
46102,46125
46124,46125
46124,46142
46125,46142
46125,46153
46142,46153
46142,46167
46153,46167
46153,46174
46167,46174
46167,46245
46174,46246
46174,78554
46245,46246
46245,46262
46246,46262
46246,46284
46262,46284
46262,46291
46284,46291
46284,46304
46291,46304
46291,46330
46304,46339
46304,48230
46330,46339
46339,46371
46339,46375
46371,46375
46371,46391
46375,46391
46375,46436
46391,46436
46391,46454
46436,46454
46436,46474
46454,46474
46474,46475
46474,46486
46475,46486
46475,46494
46486,46494
46486,46502
46494,46502
46494,46566
46502,46566
46502,46592
46566,46592
46566,46601
46592,46601
46592,46638
46601,46638
46601,46672
46601,74044
46638,46672
46638,46683
46672,46683
46672,46691
46672,71402
46683,46708
46683,72701
46683,80084
46691,46708
46691,46709
46708,46709
46708,46760
46709,46760
46709,46775
46760,46775
46760,46793
46775,46793
46775,46804
46793,46804
46793,46858
46804,46888
46858,46902
46888,46902
46888,46920
46902,46920
46902,92366
46920,46923
46920,46925
46923,46925
46923,46938
46925,46938
46925,46962
46925,98992
46938,46962
46938,46968
46962,46968
46962,46982
46968,46982
46968,47001
46982,47001
46982,47004
47001,47004
47001,47024
47004,47024
47004,47028
47024,47028
47024,47035
47024,47400
47028,47035
47028,73314
47035,47060
47035,87379
47060,47067
47060,47074
47067,47074
47067,47084
47067,94595
47074,47084
47084,47089
47084,47097
47089,47097
47089,47128
47097,47128
47097,47138
47128,47138
47128,47141
47138,47141
47138,47143
47138,69619
47141,47143
47141,47155
47143,47155
47143,47212
47143,94167
47155,47212
47155,47227
47212,47227
47212,47281
47212,66962
47227,47281
47227,47322
47281,47322
47281,47331
47322,47331
47322,47355
47331,47355
47331,47360
47355,47360
47355,47362
47355,60290
47360,47362
47360,47363
47362,47363
47362,47400
47362,64250
47363,47400
47363,47402
47400,47402
47402,47439
47439,47457
47439,47459
47457,47459
47457,47466
47459,47466
47459,47470
47466,47470
47466,47478
47470,47478
47470,47482
47478,47482
47478,47502
47482,47502
47482,47507
47502,47507
47502,47511
47507,47511
47507,47541
47511,47541
47511,47542
47541,47542
47541,47545
47542,47545
47542,47555
47542,94012
47545,47555
47545,47556
47555,47566
47555,58124
47556,47566
47556,47589
47566,47589
47566,47621
47566,94232
47589,47621
47589,47628
47621,47628
47621,47630
47628,47630
47628,47634
47630,47634
47630,47675
47634,47675
47634,47677
47675,47677
47675,68475
47677,47692
47677,47702
47692,47702
47692,47707
47702,47707
47702,47710
47707,47710
47707,47714
47710,47714
47710,47717
47714,47717
47714,47725
47717,47725
47717,47733
47717,94748
47725,47733
47725,47747
47725,83330
47733,47747
47733,47757
47747,47788
47757,47788
47757,47792
47788,47793
47788,82720
47792,47793
47792,47794
47793,47794
47794,47842
47794,47887
47842,47887
47842,47901
47887,47901
47887,47915
47887,81726
47901,47940
47901,74859
47915,47951
47915,85014
47940,47951
47940,47975
47951,47975
47951,47987
47975,47987
47975,48040
47987,48040
47987,48044
48040,48044
48040,48045
48044,48045
48044,48050
48045,48050
48045,48054
48045,65960
48050,48054
48050,48056
48054,48056
48054,48071
48056,48071
48056,48076
48071,48076
48076,48105
48076,86776
48102,48105
48102,48107
48105,48107
48105,48124
48107,48124
48107,48183
48124,48183
48124,48184
48183,48184
48183,48224
48184,48230
48184,83231
48224,48230
48224,65623
48230,48283
48279,48283
48279,48286
48283,48286
48283,48306
48286,48306
48286,48312
48286,65709
48306,48312
48306,48323
48312,48323
48312,48332
48323,48332
48323,48343
48332,48343
48332,48362
48343,48362
48343,48380
48362,48380
48362,48389
48380,48389
48380,48390
48389,48390
48389,48397
48389,49820
48390,48397
48390,48404
48397,48404
48397,48414
48404,48414
48404,48430
48414,48430
48414,48439
48430,48439
48430,48458
48439,48458
48458,48470
48458,48476
48470,48476
48476,48477
48476,48514
48477,48514
48477,48520
48514,48520
48514,48595
48520,48595
48520,48638
48595,48638
48595,48691
48638,48691
48638,48692
48691,48692
48691,48706
48691,94728
48692,48706
48692,48707
48706,48707
48706,48708
48707,48708
48707,48713
48708,48713
48708,48779
48713,48779
48713,48781
48779,48781
48779,48782
48781,48782
48781,48803
48782,48803
48782,48885
48803,48901
48885,48901
48901,48910
48901,75074
48910,48928
48910,48930
48928,48945
48928,97557
48930,48945
48930,48970
48945,48970
48945,48971
48970,48971
48970,48972
48971,48972
48971,48973
48972,48973
48972,94180
48973,49007
48973,49015
49007,49015
49007,49048
49015,49048
49015,49049
49048,49049
49048,49096
49049,49096
49049,49097
49096,49097
49096,49109
49097,49109
49097,49110
49109,49110
49109,49117
49109,53425
49110,49117
49110,49127
49117,49127
49117,49143
49117,65209
49127,49143
49127,71844
49143,49163
49143,49170
49143,84860
49163,49170
49163,49252
49170,49252
49170,49277
49252,49277
49252,49303
49277,49303
49277,49331
49303,49331
49303,49354
49331,49354
49331,49384
49354,49384
49354,49400
49354,73796
49384,49400
49384,49419
49400,49419
49400,49472
49419,49472
49419,49503
49472,49503
49472,49566
49503,49566
49503,49606
49503,92255
49503,64868
49566,49606
49566,49607
49606,49607
49606,49609
49607,49609
49607,49615
49609,49615
49609,49633
49615,49633
49615,49636
49633,49636
49633,49639
49636,49639
49636,79588
49639,49690
49639,49695
49690,49695
49690,60994
49695,49704
49695,49778
49704,49794
49704,88778
49704,82479
49778,49794
49778,49810
49794,49810
49794,49820
49810,49820
49810,49829
49820,49836
49820,61873
49829,49836
49829,49838
49836,49838
49836,49871
49838,49871
49838,49882
49871,49882
49871,49906
49882,49906
49882,49921
49906,49921
49906,49938
49921,49938
49921,49947
49938,49947
49938,49954
49947,49954
49947,49956
49954,49956
49954,49965
49956,49965
49956,49981
49965,49981
49965,49985
49981,49985
49981,49990
49985,49990
49985,50002
49990,50002
49990,50037
50002,50056
50037,50056
50056,50076
50056,50078
50076,50078
50076,50087
50078,50087
50078,50100
50078,52163
50087,50100
50087,50106
50100,50106
50100,50137
50106,50137
50106,50146
50137,50146
50137,50169
50146,50169
50146,50176
50169,50176
50169,50199
50176,50199
50176,50237
50199,50237
50199,50241
50237,50241
50237,50263
50241,50263
50241,50289
50241,96611
50263,50289
50263,50302
50263,65479
50289,50302
50289,50305
50302,50305
50302,89149
50305,50344
50305,50363
50305,72749
50344,50363
50344,50382
50363,50382
50363,50387
50382,50387
50382,50390
50387,50390
50387,50396
50390,50396
50390,50406
50396,50406
50396,50428
50406,50428
50406,50477
50428,50477
50428,50504
50477,50504
50477,50513
50504,50555
50504,53250
50513,50555
50513,50557
50555,50557
50555,50562
50557,50562
50557,50570
50562,50570
50562,50590
50562,68831
50570,50590
50570,50627
50590,50627
50590,50645
50627,50645
50627,50659
50645,50659
50645,50665
50659,50665
50659,50671
50659,85921
50665,50671
50665,50683
50671,50683
50671,50755
50683,50809
50683,97557
50755,50809
50755,50820
50809,50820
50809,87021
50820,50823
50820,50825
50823,50825
50823,50848
50825,50848
50825,50859
50848,50867
50859,50867
50859,50933
50867,50933
50867,50939
50933,50971
50933,55794
50939,50971
50939,50978
50971,50978
50971,51068
50978,51068
50978,51072
51068,51096
51068,70294
51072,51096
51096,51118
51096,51146
51118,51146
51118,51158
51146,51158
51146,51162
51158,51162
51158,51172
51162,51172
51162,51201
51172,51201
51172,51206
51201,51206
51201,89132
51206,51219
51206,51225
51219,51225
51219,51235
51225,51235
51225,51240
51235,51265
51235,85940
51240,51265
51240,51275
51265,51275
51265,51281
51275,51281
51275,51283
51281,51283
51281,51286
51283,51286
51283,51321
51286,51321
51286,51325
51321,51325
51321,51327
51325,51327
51325,51371
51327,51371
51327,51372
51371,51372
51371,51397
51372,51433
51397,51433
51397,51445
51433,51453
51433,73359
51445,51453
51445,76731
51453,51510
51476,51510
51510,51519
51510,51521
51519,51521
51519,51531
51521,51531
51521,51539
51531,51547
51539,60345
51547,51553
51547,51555
51553,51555
51553,51626
51555,51626
51555,51638
51626,51638
51638,51640
51638,51670
51640,51670
51640,51671
51670,51671
51671,51682
51671,51691
51682,51691
51682,51738
51691,51738
51691,51746
51738,51746
51738,51748
51746,51748
51746,51757
51748,51757
51748,51762
51757,51762
51757,51780
51762,51780
51762,51789
51780,51789
51780,51842
51789,51842
51789,51865
51842,51865
51842,51867
51865,51867
51865,51881
51867,51881
51867,51886
51881,51886
51881,51897
51886,51897
51886,51908
51897,51908
51908,51939
51908,51967
51908,53713
51939,51967
51939,51981
51967,51981
51981,51987
51981,52007
51987,52007
51987,52021
51987,73530
52007,52021
52007,52037
52021,52037
52021,52042
52037,52042
52037,52059
52042,52059
52042,52085
52059,52085
52059,52102
52085,52102
52085,52103
52102,52103
52102,52121
52103,52121
52103,52131
52121,52131
52121,52143
52131,52143
52131,52154
52143,52154
52143,52163
52154,52163
52154,77607
52163,52196
52196,52204
52196,52234
52204,52234
52204,52238
52234,75856
52238,52242
52238,52277
52242,52277
52242,52288
52277,52288
52277,52329
52277,59952
52288,52329
52288,52339
52329,52339
52329,52341
52339,52341
52339,52390
52341,52390
52390,52407
52390,52427
52407,52427
52407,52506
52427,52519
52506,52519
52506,75845
52519,52568
52568,52577
52568,52585
52577,52585
52577,52605
52585,52607
52605,52636
52605,65298
52607,52636
52607,52657
52636,52657
52636,52671
52657,52671
52657,52679
52671,52679
52671,71326
52679,52725
52679,52740
52725,52740
52725,52742
52725,90657
52740,52742
52740,52752
52742,52752
52742,52755
52742,88959
52742,85151
52752,52755
52752,52796
52755,52796
52755,52803
52796,52803
52796,52819
52803,52819
52803,54090
52819,52822
52819,52826
52822,52826
52822,56715
52826,52833
52826,52863
52833,52863
52833,52874
52863,52874
52863,52891
52874,52891
52874,52946
52874,57345
52891,52946
52891,52983
52946,52983
52946,52994
52983,52994
52983,53005
52994,53005
52994,53007
53005,53007
53007,75878
53031,53039
53031,53062
53039,53062
53039,53088
53062,53088
53062,53133
53062,89584
53088,53145
53088,84061
53133,53145
53133,53157
53133,92572
53145,53157
53145,76114
53157,53178
53157,53188
53178,53188
53178,53202
53188,53202
53188,53206
53202,53206
53202,53208
53206,53208
53206,53217
53208,53217
53208,53250
53250,53267
53250,53269
53267,53269
53267,53277
53269,53283
53277,53283
53277,53293
53283,53293
53283,55245
53293,53304
53304,53309
53304,53317
53309,53317
53309,53347
53317,53347
53317,53355
53347,53355
53347,53359
53355,53359
53355,53362
53359,53362
53359,53367
53362,53367
53362,53388
53367,53394
53367,85149
53388,53394
53388,53397
53394,53404
53394,58534
53397,53404
53397,53425
53404,53425
53404,53428
53425,53453
53428,53453
53428,53499
53453,53512
53453,80295
53499,53512
53499,53520
53512,53520
53512,53529
53520,53529
53520,53539
53529,53539
53529,53554
53539,53554
53539,53583
53554,53583
53554,53599
53583,53599
53583,53606
53599,53606
53599,53623
53606,53623
53606,53651
53623,53651
53623,53666
53651,53666
53651,53686
53651,63484
53666,53686
53666,53692
53686,53692
53686,53713
53692,53713
53692,53790
53713,53790
53790,53794
53790,53814
53794,53814
53794,53837
53814,53837
53814,53845
53837,53847
53837,77528
53845,53847
53845,53906
53847,53906
53847,53908
53906,53908
53906,53925
53908,53925
53925,53938
53925,53988
53925,55813
53938,53988
53938,54013
53988,54013
53988,54090
54013,54090
54013,54152
54013,74879
54090,54152
54090,54172
54152,54197
54172,54197
54172,54220
54197,54220
54220,54222
54220,54268
54222,54268
54222,54270
54268,54270
54268,54283
54270,54283
54270,54300
54283,54331
54283,82041
54300,54331
54300,54351
54331,54351
54331,54382
54351,54382
54351,54402
54382,54402
54382,54404
54402,54404
54402,54436
54404,54436
54404,54438
54436,54438
54436,54481
54438,54481
54438,54510
54481,54510
54481,54522
54510,54522
54510,54528
54522,54528
54522,54616
54528,54643
54528,59710
54616,54643
54616,54645
54616,92976
54643,54645
54643,54646
54645,54646
54645,54663
54646,54663
54646,60704
54663,54679
54663,54683
54679,54683
54679,54688
54683,54688
54683,54696
54688,54696
54688,54732
54696,54732
54732,54740
54732,54742
54740,54742
54740,54762
54742,54762
54742,54799
54762,54799
54799,54823
54799,54832
54823,54832
54823,54868
54832,54868
54832,54914
54832,83025
54868,54914
54868,54921
54914,54921
54914,54922
54921,54922
54921,54927
54922,54927
54922,54968
54927,54968
54927,54978
54968,55061
54978,55061
54978,55072
55061,55086
55072,55086
55072,55124
55086,64957
55124,55131
55124,55145
55131,55156
55131,84673
55145,55156
55145,55171
55145,74420
55145,69558
55156,55171
55156,55203
55171,55203
55171,55245
55203,55245
55203,55247
55203,56811
55245,55247
55245,55289
55247,55289
55247,55376
55289,55376
55289,55381
55376,55382
55376,85151
55376,78858
55381,55382
55381,55392
55382,55398
55382,60214
55392,55398
55392,55408
55398,55408
55398,55420
55408,55420
55408,55458
55408,96127
55420,55458
55420,55461
55458,55461
55458,91803
55461,55481
55461,68894
55464,55489
55481,55489
55481,55501
55489,55502
55501,55502
55501,55524
55501,79238
55502,55524
55502,55539
55524,55539
55524,55547
55539,55547
55539,55558
55547,55558
55547,55570
55558,55570
55558,55579
55570,55579
55570,55590
55579,55590
55579,55594
55579,81061
55590,55594
55590,55639
55594,55639
55594,55650
55639,55650
55639,55665
55650,55665
55650,55716
55665,55716
55665,55722
55716,55722
55716,55723
55716,93691
55722,55723
55722,55733
55723,55733
55723,55749
55733,55749
55733,55768
55749,55768
55749,55794
55768,55794
55768,55808
55768,63719
55794,55808
55794,76113
55808,55813
55808,55821
55813,55834
55821,55834
55821,55843
55834,55843
55834,55852
55843,55855
55843,59582
55852,55855
55852,55859
55855,55886
55859,55886
55859,55938
55886,55938
55886,55978
55938,56007
55978,56007
55978,56077
56007,56077
56007,56100
56007,67475
56077,56100
56077,56101
56100,56156
56101,56156
56101,56207
56156,56207
56156,56221
56207,56221
56207,56223
56221,56223
56221,56224
56223,56224
56223,56247
56224,56247
56224,56281
56247,56281
56247,56349
56281,56349
56281,56364
56349,56364
56364,56374
56364,56417
56374,56417
56374,56435
56417,56435
56417,56526
56526,56540
56526,56547
56540,56547
56540,56553
56547,56553
56547,56557
56553,56557
56553,56581
56557,56581
56557,56582
56581,56609
56581,65713
56582,56609
56582,56625
56609,56625
56609,56649
56609,75364
56625,56649
56625,56650
56649,56650
56649,56697
56650,56697
56650,56706
56697,56706
56697,56709
56706,56709
56706,56715
56709,56715
56709,56723
56715,56723
56715,56747
56723,56747
56723,56759
56747,56759
56747,56760
56759,56760
56760,56762
56760,56775
56762,56775
56762,56811
56775,56811
56775,56821
56811,56852
56821,56852
56821,56856
56852,56856
56852,56866
56856,56866
56856,56880
56866,56880
56866,56898
56880,56898
56880,56904
56898,56904
56898,56981
56904,56981
56904,56987
56981,56987
56981,57022
57022,57063
57022,94449
57051,57063
57051,57065
57063,57065
57063,57069
57065,57069
57065,57088
57069,57088
57069,57101
57088,57101
57088,57104
57088,67093
57101,57104
57101,57108
57104,57108
57104,57146
57108,57146
57108,57163
57146,57163
57146,57189
57163,57189
57163,57192
57163,73053
57189,57192
57189,57195
57192,57195
57192,57199
57195,57199
57195,57213
57199,57213
57199,57250
57213,57250
57213,57258
57250,57258
57250,76999
57258,57267
57258,57271
57258,93983
57267,57292
57271,57292
57271,57345
57271,83127
57292,57345
57292,57349
57345,57349
57349,57396
57349,64138
57352,57396
57352,57402
57396,57402
57396,57405
57396,89392
57402,57405
57402,57415
57405,57415
57405,57436
57415,57436
57415,82264
57436,57441
57436,87379
57441,57446
57441,64296
57446,57454
57446,57455
57454,57455
57454,57745
57455,57467
57455,57496
57467,57496
57467,57508
57496,57508
57496,57522
57508,57522
57508,57527
57522,57527
57522,57535
57527,57535
57527,57559
57535,57574
57559,57574
57559,57581
57574,57581
57574,57587
57581,57587
57581,57600
57587,57600
57587,57618
57600,57624
57600,65813
57618,57624
57618,57687
57624,57687
57624,57692
57624,72137
57687,57692
57687,57722
57692,57722
57692,57745
57722,57745
57722,66667
57745,57750
57745,57754
57750,57754
57754,57786
57779,57786
57779,57811
57786,57827
57786,88073
57811,57827
57811,57831
57827,57831
57827,57835
57831,57835
57831,57846
57835,57846
57835,57867
57846,57867
57846,57869
57867,57869
57867,57870
57869,57870
57869,57880
57870,57880
57870,57881
57880,57881
57880,57892
57881,57892
57881,57895
57892,57895
57892,57904
57895,57904
57895,57928
57895,89575
57904,57928
57928,57949
57949,57952
57949,57966
57952,57968
57952,59888
57966,57968
57968,57973
57973,57989
57973,94979
57984,57989
57984,58002
57989,58002
58002,58022
58002,58059
58022,58059
58022,58068
58059,58068
58059,58079
58068,58079
58068,58093
58079,58093
58079,58096
58093,58096
58093,58110
58096,58110
58096,58120
58110,58120
58110,58124
58120,58124
58120,58143
58124,58143
58124,58145
58143,58145
58143,58165
58145,58165
58145,58168
58165,58168
58165,58171
58168,58171
58168,58174
58171,58189
58174,58189
58174,58192
58189,58192
58189,58214
58192,58214
58192,58233
58214,58233
58214,58258
58233,58262
58258,58262
58258,58263
58262,58263
58262,58265
58263,58265
58263,58296
58265,58298
58296,58298
58296,58316
58298,58316
58298,58321
58316,58321
58316,58362
58321,58391
58362,58391
58362,58468
58391,58468
58391,58478
58468,58478
58468,58479
58478,58479
58478,58500
58478,59993
58479,58500
58479,58509
58500,58509
58500,58524
58509,58524
58509,58526
58524,58526
58524,58534
58526,58534
58534,58595
58534,58658
58595,58658
58595,58692
58658,58692
58658,58693
58692,58693
58692,58700
58693,58700
58693,58721
58700,58725
58721,58725
58721,58761
58725,58761
58725,58766
58761,58766
58761,58770
58766,58770
58766,58786
58770,58786
58770,58799
58786,58799
58786,58829
58799,58829
58799,58836
58829,58836
58829,58838
58836,58838
58838,58851
58840,58851
58840,58864
58851,58864
58851,58871
58864,58875
58864,66385
58871,58875
58871,58891
58875,58891
58875,58892
58891,58892
58891,58912
58892,58912
58892,58917
58912,58917
58912,58933
58917,58933
58917,58937
58933,58937
58937,58945
58937,58963
58945,58963
58945,58987
58963,58987
58963,58989
58987,58989
58987,59017
58989,59017
58989,59018
59017,59018
59017,59033
59018,59033
59033,59046
59033,59051
59046,59051
59046,59055
59051,59055
59051,59061
59055,59061
59055,59098
59061,59098
59061,59107
59098,59107
59098,59115
59107,59115
59107,77649
59107,96271
59115,59134
59115,59135
59134,59135
59134,59163
59135,59163
59135,59166
59163,59166
59163,59187
59166,59187
59166,59232
59187,59232
59187,59305
59232,59305
59232,59321
59305,59321
59305,59333
59321,59340
59333,59340
59333,59349
59340,59349
59340,59368
59349,59368
59368,59381
59368,59390
59381,59390
59381,59391
59390,59391
59390,59394
59391,59394
59391,59466
59391,86942
59394,59466
59394,59470
59466,59470
59466,59477
59470,59477
59470,59491
59470,98741
59477,59491
59477,59501
59491,59501
59491,59524
59501,59524
59501,59535
59524,59535
59524,59553
59535,59553
59535,59564
59553,59564
59553,59582
59564,59582
59564,59586
59582,59586
59582,59606
59586,59606
59586,59620
59606,59620
59606,59630
59620,59630
59620,59697
59630,59697
59630,75373
59697,59699
59697,59710
59699,59710
59699,59715
59710,59715
59710,59726
59715,59726
59715,96918
59726,59748
59726,59757
59726,84645
59748,59757
59748,59767
59757,59767
59757,65135
59757,95032
59767,59808
59767,96987
59797,59813
59797,78278
59797,77732
59797,66113
59808,59813
59808,59833
59813,59833
59813,59841
59833,59841
59833,59847
59841,59847
59841,59851
59847,59851
59847,59857
59851,59857
59851,59887
59857,59887
59857,59888
59887,59888
59887,59906
59888,59906
59888,59935
59906,59935
59906,59945
59935,59945
59935,59950
59945,59950
59945,59951
59950,59951
59950,59952
59951,59952
59951,59962
59952,59962
59962,59982
59962,91398
59963,59982
59963,59993
59982,59993
59993,60021
60000,60021
60000,60024
60021,60024
60021,60033
60024,60033
60024,60043
60033,60043
60033,60060
60043,60060
60043,60113
60060,60113
60060,60131
60113,60131
60131,60151
60131,60177
60151,60177
60151,60198
60177,60198
60177,60203
60198,60203
60198,60209
60203,60209
60203,60214
60209,60214
60209,71785
60209,95262
60214,60218
60214,60232
60214,92256
60218,60232
60218,60243
60218,67913
60232,60243
60232,60259
60243,60259
60243,60263
60259,60263
60259,60290
60263,60290
60263,60291
60290,60291
60291,60293
60291,60318
60293,60318
60293,60332
60318,60345
60318,69599
60332,60345
60332,60358
60345,60358
60345,60379
60358,60379
60358,60394
60379,60394
60379,60402
60394,60402
60394,60426
60402,60426
60402,60429
60426,60429
60426,60464
60429,60464
60429,60469
60464,60469
60464,60475
60469,60475
60469,60489
60475,60489
60489,60491
60489,82998
60491,60512
60491,60515
60512,60517
60512,70977
60515,60517
60515,60524
60515,72901
60517,60524
60517,60534
60524,60537
60534,60537
60534,60572
60537,60572
60537,60576
60572,60576
60572,60597
60576,60597
60576,60599
60597,60599
60597,60606
60599,60606
60599,60628
60606,60628
60606,60634
60628,60634
60628,60651
60634,60651
60634,99932
60651,60659
60651,62684
60659,60684
60659,60697
60684,60697
60684,60704
60697,60704
60697,60709
60704,60712
60704,80022
60709,60712
60709,60715
60712,60715
60712,60753
60715,60753
60715,60771
60753,60821
60753,70799
60771,60821
60771,60844
60821,60844
60821,60846
60844,60846
60844,60847
60846,60879
60847,60879
60847,60900
60847,87116
60879,60900
60879,60928
60900,60928
60900,60946
60928,60946
60928,60952
60946,60952
60946,60990
60952,60990
60952,60992
60990,60992
60990,60994
60992,60994
60992,60996
60994,60996
60994,61012
60994,91773
60996,61012
60996,61033
61012,61033
61033,84859
61038,61039
61038,61043
61039,61043
61039,61080
61043,61080
61043,61083
61080,61083
61080,61139
61083,61146
61139,61146
61139,61158
61146,61158
61146,61168
61158,61168
61158,61174
61168,61174
61168,61183
61174,61183
61174,61190
61183,61190
61183,61195
61190,61195
61190,61243
61195,61243
61195,61257
61243,61257
61243,61296
61257,61296
61257,61316
61296,61316
61296,61350
61316,61350
61316,61355
61350,61355
61350,61365
61355,61365
61365,61366
61366,61380
61366,61384
61380,61384
61380,61386
61384,61386
61384,61391
61386,61391
61386,61420
61391,61420
61391,61430
61420,61484
61430,61484
61430,61511
61484,61511
61484,61552
61511,61552
61511,61591
61552,61591
61552,61609
61591,61609
61591,61621
61609,61621
61609,61634
61609,79252
61621,61634
61621,61636
61634,61636
61634,61668
61636,61668
61636,61670
61668,61675
61668,90023
61670,61675
61670,61681
61675,61681
61675,61690
61681,61690
61681,61693
61681,63808
61690,61693
61690,61711
61693,61711
61693,61712
61711,61712
61711,92203
61712,61732
61712,61805
61732,61805
61732,61829
61805,61829
61805,61830
61805,79093
61829,61830
61829,61873
61830,61873
61830,61876
61873,61876
61876,61901
61876,61908
61901,61908
61901,61932
61908,61932
61908,61936
61932,61936
61932,61939
61936,61939
61936,61951
61939,61951
61939,61952
61951,61952
61951,61992
61952,61992
61952,61998
61992,61998
61992,62004
61998,62004
61998,62012
62004,62012
62004,62028
62012,62028
62012,62084
62028,62084
62028,62085
62084,62085
62084,62095
62085,62095
62085,62130
62095,62130
62095,62132
62130,62132
62130,62189
62132,62189
62132,68600
62189,62227
62189,62234
62227,62234
62227,62272
62227,62681
62234,62272
62234,62286
62272,62286
62272,62315
62286,62315
62286,62351
62315,62351
62315,62365
62351,62365
62351,62377
62365,62377
62365,62395
62377,62395
62377,62415
62395,62415
62395,62418
62415,62418
62415,62419
62418,62419
62418,62424
62419,62424
62419,62433
62424,62433
62424,62435
62433,62435
62433,62438
62435,62438
62435,62443
62438,62443
62438,62456
62443,62456
62443,62472
62456,62472
62456,62499
62472,62499
62472,62501
62499,62501
62499,62505
62501,62505
62501,62509
62505,62509
62505,62540
62509,62540
62509,62544
62509,64259
62540,62544
62540,62545
62544,62545
62544,62604
62545,62604
62545,62612
62604,62612
62604,62630
62612,62630
62612,62631
62630,62631
62630,62639
62631,62639
62631,62649
62639,62649
62639,62652
62649,62652
62649,62659
62652,62659
62659,62673
62659,62681
62659,70798
62673,62681
62673,62684
62681,62684
62684,62690
62684,62700
62690,62700
62690,62702
62700,62702
62700,62723
62702,62723
62702,62735
62723,62735
62723,62742
62735,62742
62735,62749
62742,62758
62749,62758
62749,62761
62749,88026
62758,62761
62758,62777
62758,68151
62761,62777
62761,62782
62777,62782
62777,62797
62782,62797
62782,62804
62797,62804
62797,62831
62804,62831
62804,62846
62831,62846
62831,62871
62831,80331
62846,62922
62846,73180
62871,62922
62871,62950
62922,62950
62922,66895
62950,62985
62950,62986
62985,62986
62985,62989
62986,62989
62986,63019
62989,63019
62989,63026
63019,63026
63019,63036
63026,63036
63036,63054
63036,63065
63054,63065
63054,63090
63065,63090
63065,63094
63065,82159
63090,63094
63090,63114
63094,63114
63094,63126
63114,63126
63114,63148
63126,63148
63126,63184
63148,63184
63148,63189
63184,63189
63184,63218
63189,63218
63189,63221
63218,63221
63218,95905
63221,63229
63221,63303
63229,63303
63229,63309
63303,63309
63303,63325
63309,63325
63309,63330
63325,63330
63325,63355
63330,63355
63330,63377
63355,63377
63355,63384
63377,63384
63377,63385
63384,63385
63384,63447
63385,63447
63385,63484
63447,63487
63447,66103
63484,63487
63487,63541
63487,63600
63541,63600
63541,63661
63600,63661
63600,63683
63661,63683
63661,63719
63683,63719
63683,63721
63719,63721
63721,63729
63721,63765
63729,63765
63729,63773
63765,63773
63765,63774
63773,63774
63773,63808
63774,63811
63808,63811
63811,67887
63815,63823
63815,63824
63823,63824
63823,63835
63824,63835
63824,63872
63824,72839
63835,63872
63835,63879
63835,73024
63835,75607
63872,63911
63879,63911
63879,63913
63911,63913
63911,63915
63913,63915
63913,63940
63915,63940
63915,63968
63940,63968
63940,63971
63968,63971
63968,64001
63971,64001
63971,64005
64001,64005
64001,64008
64005,64008
64005,64031
64008,64031
64008,64040
64031,64040
64031,64041
64040,64041
64040,64048
64041,64048
64041,64053
64048,64053
64048,64076
64053,64076
64053,64093
64076,64093
64076,64107
64093,64107
64093,64122
64107,64122
64107,64125
64122,64125
64122,64128
64125,64128
64125,64132
64128,64132
64128,64138
64132,64138
64132,64139
64138,64139
64138,64150
64139,64150
64139,64158
64150,64158
64150,64160
64158,64160
64158,64192
64160,64192
64160,64214
64160,92471
64192,64214
64192,64243
64214,64243
64243,64244
64243,64250
64244,64250
64244,64252
64250,64252
64252,64265
64259,64265
64265,64296
64265,64307
64296,86356
64307,64313
64307,64314
64313,64314
64313,64323
64314,64323
64314,64340
64323,64340
64323,64346
64340,64346
64340,64369
64346,64369
64346,64393
64369,64393
64369,64425
64393,64425
64393,64428
64425,64428
64425,64438
64428,64438
64428,64453
64438,64453
64438,64479
64453,64479
64453,64512
64479,64512
64479,64513
64512,64513
64513,64514
64513,64520
64514,64520
64514,67695
64520,64555
64520,64563
64555,64563
64555,64571
64555,69461
64563,64571
64563,64577
64571,64577
64571,64612
64577,64612
64577,64652
64577,75224
64612,64652
64612,64689
64652,64689
64652,64701
64689,64701
64689,64706
64701,64706
64701,64721
64701,83346
64706,64721
64706,64734
64721,64734
64721,64763
64721,82171
64734,64763
64734,64776
64763,64776
64776,64788
64776,64798
64788,64798
64788,64811
64798,64811
64798,64820
64811,64820
64811,64839
64820,64839
64820,64863
64839,64863
64839,64868
64839,73752
64863,64868
64863,64870
64868,64870
64870,64931
64870,64948
64931,64948
64931,64957
64948,64957
64948,64972
64957,64972
64972,64978
64978,64988
64978,65015
64988,65015
64988,65029
65015,65029
65015,65041
65029,65041
65029,65085
65029,74688
65041,65085
65041,65089
65085,65089
65085,65096
65089,65096
65089,65103
65096,65104
65103,65104
65103,65115
65104,65115
65104,65116
65115,65116
65115,65135
65116,65135
65116,65144
65135,65153
65144,65153
65144,65171
65144,92052
65153,65171
65153,65178
65171,65178
65171,65205
65178,65205
65178,65209
65205,65209
65205,65221
65209,65221
65221,65222
65221,65233
65222,65238
65233,65238
65233,65246
65238,65246
65238,65268
65246,65268
65246,65277
65268,65277
65268,65298
65277,65298
65277,65317
65298,65317
65298,65340
65298,97946
65317,65340
65317,65348
65340,65348
65340,77287
65348,65358
65357,65358
65357,65378
65358,65378
65358,65381
65378,65381
65378,65383
65381,65383
65381,65410
65381,70440
65383,65410
65383,65413
65410,65413
65410,65441
65413,65441
65413,65446
65441,65446
65441,65453
65446,65453
65446,65469
65453,65469
65453,65474
65469,65474
65469,65479
65469,78022
65474,65500
65474,83375
65479,65500
65500,65515
65515,65517
65515,65531
65517,65531
65517,65596
65531,65596
65531,65623
65596,65623
65596,65635
65623,65635
65623,65656
65635,65656
65635,65667
65656,65667
65656,65679
65667,65679
65667,65709
65667,68609
65679,65709
65679,65713
65709,65713
65713,65714
65713,65725
65714,65725
65714,65730
65714,81070
65725,65730
65725,65735
65730,65735
65730,65761
65735,65761
65735,66726
65761,65772
65761,65773
65761,96847
65772,65773
65772,65813
65773,65813
65773,65834
65813,65834
65813,65856
65834,65856
65834,65864
65856,65864
65856,65868
65864,65868
65864,65948
65868,65948
65868,65960
65948,65960
65948,65962
65948,86554
65960,65962
65962,65964
65962,65971
65964,65971
65964,66017
65971,66017
65971,66018
66017,66025
66017,76426
66018,66025
66018,66065
66025,66065
66025,66071
66065,66071
66065,66095
66071,66095
66071,66103
66095,66103
66095,66113
66103,66113
66103,66123
66113,66123
66123,66125
66123,66136
66123,86237
66125,66136
66125,66140
66136,66140
66136,66143
66140,66146
66143,66146
66146,66160
66146,66166
66160,66166
66160,68358
66166,66173
66166,66210
66173,66220
66210,66220
66210,66230
66220,66230
66220,83733
66230,66241
66230,66252
66241,66252
66241,66289
66252,66289
66252,66306
66252,96848
66289,66306
66306,66320
66306,66326
66320,66326
66320,66385
66326,66404
66326,75171
66385,66404
66385,66415
66404,66415
66404,66417
66415,66417
66417,66420
66417,66427
66420,66427
66427,66443
66427,66475
66443,66475
66443,66517
66475,66517
66475,66560
66517,66560
66517,66570
66560,66570
66560,66578
66570,66578
66570,66579
66570,88921
66578,66579
66578,66589
66579,66589
66579,66590
66589,66590
66589,66591
66590,66591
66590,66640
66591,66640
66591,66650
66640,66650
66640,66655
66650,66655
66650,66657
66655,66657
66655,66667
66657,66667
66657,66694
66667,66694
66667,66726
66694,66726
66694,66728
66726,66728
66726,66763
66728,66763
66728,66767
66728,85619
66763,66767
66763,66790
66767,66790
66767,66818
66790,66818
66818,66895
66818,66896
66895,66896
66895,66904
66896,66904
66896,66917
66896,95456
66904,66917
66904,66919
66917,66919
66917,66923
66919,66923
66923,66930
66923,66962
66930,66962
66930,66992
66962,66992
66992,67056
66992,67070
67056,67070
67056,67093
67070,67093
67070,67134
67093,67134
67093,99081
67134,67190
67134,67202
67190,67202
67190,67204
67202,67204
67202,67210
67204,67214
67204,72073
67210,67214
67210,67223
67214,67223
67214,67224
67223,67224
67223,67271
67224,67271
67224,67276
67271,67276
67271,67287
67276,67287
67276,71654
67287,67301
67287,67382
67301,67382
67301,67385
67382,67385
67382,67465
67382,87978
67385,67465
67385,67475
67465,67475
67465,67487
67465,86544
67475,67487
67487,67532
67487,67533
67532,67533
67532,67534
67533,67534
67533,67547
67533,93109
67534,67547
67534,67563
67547,67563
67547,67566
67563,67566
67563,67572
67566,67572
67566,67574
67572,67574
67572,67631
67574,67631
67574,67650
67574,75455
67574,92394
67631,67650
67631,67660
67650,67660
67650,67689
67660,67689
67660,67695
67689,67695
67689,67723
67695,67723
67723,67731
67723,67735
67723,73795
67731,67735
67731,67748
67735,67748
67735,67802
67748,67802
67748,87665
67802,67821
67802,67826
67821,67826
67821,67887
67821,82099
67826,67887
67826,67891
67887,67891
67887,67892
67891,67892
67891,67913
67892,67913
67892,67919
67913,67919
67919,67927
67919,67936
67927,67936
67927,67946
67936,67946
67936,67960
67946,67960
67946,67965
67960,67965
67960,67989
67965,67989
67965,68012
67989,68012
67989,68015
68012,68015
68012,68016
68015,68016
68016,68039
68016,68041
68039,68052
68041,68052
68041,68065
68041,80677
68052,68065
68052,99227
68065,68079
68065,68080
68065,92108
68079,68080
68079,68085
68080,68085
68080,68102
68085,68102
68085,68110
68102,68110
68102,68148
68110,68148
68110,68151
68148,68151
68148,68220
68151,68246
68220,68246
68220,68247
68246,68247
68246,68261
68247,68261
68261,68272
68261,68277
68272,68277
68272,68278
68277,68278
68277,68326
68278,68326
68278,68341
68326,68341
68326,68358
68341,68358
68341,68359
68358,68359
68358,68362
68359,68362
68359,68375
68362,68375
68362,68376
68375,68376
68375,68392
68376,68392
68376,68433
68392,68433
68392,68438
68433,68438
68433,68455
68438,68455
68438,68471
68455,68471
68455,68475
68471,68475
68471,68481
68475,68481
68475,68511
68481,68511
68481,68515
68511,68515
68511,68537
68515,68562
68515,76801
68537,68562
68537,68563
68562,68563
68562,68595
68563,68595
68563,68600
68595,68600
68595,68609
68600,68609
68600,68614
68609,68614
68609,99637
68614,68619
68614,68629
68619,68629
68619,68632
68632,68639
68632,68640
68639,68640
68639,68645
68640,68645
68640,68652
68645,68663
68645,82448
68652,68663
68663,68704
68663,68707
68704,68707
68704,68728
68707,68728
68707,68737
68728,68737
68728,73193
68737,68745
68737,68831
68745,68831
68745,68845
68831,68894
68845,68894
68845,68899
68894,68899
68894,68906
68899,68906
68899,68911
68899,99839
68906,68911
68906,68918
68911,68918
68911,68944
68918,68944
68918,68968
68944,68968
68944,69011
68968,69011
68968,69025
69011,69025
69011,69040
69011,82942
69025,69040
69025,69098
69040,69098
69098,69106
69098,69213
69106,69213
69106,69283
69213,69283
69213,69326
69283,69326
69283,69336
69326,69336
69326,69376
69336,69376
69336,69388
69376,69388
69376,69407
69388,69414
69388,92875
69407,69414
69407,69431
69407,98897
69414,69431
69414,69436
69431,69436
69431,69440
69436,69440
69436,69461
69440,69461
69440,69467
69461,69467
69467,69483
69467,69485
69483,69485
69483,69496
69485,69496
69485,69503
69496,69503
69496,69531
69503,69531
69503,69558
69531,69558
69531,69583
69558,69583
69558,89803
69583,69584
69583,69599
69584,69599
69584,69619
69584,91445
69599,69619
69599,69621
69599,76891
69619,69624
69621,69626
69624,69626
69624,69649
69626,69649
69626,69653
69649,69653
69653,69666
69653,69698
69666,69698
69666,69702
69698,69702
69698,69726
69702,69726
69702,69751
69726,69751
69726,69763
69751,69780
69763,69780
69763,69787
69780,69787
69780,69820
69787,69820
69787,69827
69820,69827
69820,69864
69827,69864
69827,69865
69864,69865
69865,69908
69865,69917
69908,69917
69908,69924
69917,69924
69917,69925
69924,69925
69925,69937
69925,69938
69937,69938
69937,69950
69938,69950
69938,69954
69950,69954
69950,69965
69954,69965
69954,69999
69954,79645
69965,69999
69965,70034
69999,70034
69999,70047
70047,70051
70047,70057
70051,97707
70057,70071
70057,70095
70071,70095
70071,70107
70095,70107
70095,96163
70107,70144
70107,70188
70144,70189
70144,98745
70188,70189
70188,70190
70189,70190
70189,70199
70190,70199
70190,70215
70199,70250
70215,70250
70215,70256
70250,70256
70250,70278
70256,70278
70256,75409
70278,70294
70278,70303
70294,70304
70303,70304
70303,70372
70304,70372
70304,70378
70372,70378
70372,70385
70378,70385
70378,70394
70385,70394
70385,70425
70394,70440
70394,96919
70425,70440
70425,70463
70440,70469
70463,70469
70463,70491
70469,70491
70469,70595
70491,70595
70595,70605
70605,70658
70629,70658
70629,70674
70629,82646
70629,99841
70658,70674
70658,70690
70674,70690
70674,70695
70690,70695
70690,90805
70695,70725
70695,70744
70725,70744
70725,70749
70725,77782
70744,70749
70744,70760
70749,70761
70760,70761
70760,70776
70761,70776
70761,76346
70776,70780
70776,70793
70780,70793
70780,70798
70793,70798
70799,70811
70811,70854
70811,70879
70854,70879
70854,70890
70879,70890
70879,70901
70890,70901
70890,70904
70901,70904
70901,70938
70904,70938
70904,70955
70938,70955
70938,77058
70955,70977
70955,71007
70977,71007
70977,71010
71007,71010
71007,71031
71010,71031
71010,71038
71031,71038
71031,71055
71038,71055
71038,71058
71055,71058
71055,71120
71058,71120
71058,71122
71120,71122
71120,71147
71122,71147
71122,71192
71147,71192
71147,71198
71192,71198
71192,71217
71198,71217
71198,71232
71217,71232
71217,71253
71232,71306
71232,77320
71253,71306
71253,71315
71306,71326
71306,88333
71315,71326
71315,71334
71326,71334
71326,71358
71334,71358
71334,71389
71358,71389
71358,71402
71389,71402
71389,71425
71389,76557
71402,71437
71425,71437
71425,71445
71437,71445
71437,71454
71445,71454
71445,71485
71454,71485
71454,71530
71485,71530
71485,71537
71530,71537
71537,71547
71537,71555
71547,71555
71547,71570
71555,71570
71555,71654
71555,99049
71570,71654
71570,71659
71654,71659
71654,71682
71659,71682
71682,71692
71682,71726
71692,71726
71692,71734
71726,71734
71726,71769
71734,71769
71734,71773
71769,71773
71769,71778
71773,71778
71773,71782
71778,71782
71778,71785
71782,71786
71782,96737
71785,71786
71785,71792
71786,71792
71786,71825
71792,71825
71792,71844
71825,71844
71825,71855
71844,71855
71844,71873
71855,71873
71855,71881
71873,71881
71873,71883
71881,71883
71881,71919
71883,71919
71883,71932
71919,71932
71932,71965
71932,71970
71965,71970
71965,71984
71970,71984
71970,71991
71984,71991
71984,71998
71991,71998
71991,72004
71998,72004
71998,72007
72004,72007
72004,72019
72007,72019
72007,72054
72019,72054
72019,72073
72054,72073
72054,72081
72073,72081
72073,72093
72081,72093
72093,72103
72093,72137
72103,72137
72103,72154
72137,72167
72154,72167
72154,72195
72167,72195
72167,72210
72195,72210
72195,72243
72210,72243
72210,72259
72243,72259
72243,72261
72259,72261
72259,72277
72261,72277
72261,72316
72277,72316
72277,72317
72316,72317
72316,72333
72316,97376
72317,72351
72317,80272
72333,72351
72333,72377
72351,72377
72351,72389
72377,72389
72377,72403
72389,72403
72389,72414
72403,72414
72403,72422
72414,72422
72414,72424
72422,72424
72422,72480
72424,72480
72424,72483
72480,72483
72480,72517
72483,72517
72483,72527
72517,72527
72517,72546
72527,72546
72527,72554
72546,72554
72554,72561
72554,72577
72561,72577
72561,72618
72577,72618
72577,72655
72618,72655
72618,72688
72655,72688
72655,72701
72688,72701
72688,72706
72701,72706
72701,72749
72706,72749
72706,72753
72749,72753
72753,72809
72753,72839
72809,72839
72809,72844
72839,72863
72839,73456
72844,72863
72844,72881
72863,72881
72863,72888
72863,76905
72881,72888
72881,72901
72888,72901
72888,72908
72901,72908
72908,72909
72908,72920
72909,72920
72909,72958
72920,72958
72920,72962
72958,72982
72962,72982
72962,72984
72982,72991
72982,96006
72984,72991
72984,73004
72991,73004
72991,73009
73004,73009
73004,73024
73009,73024
73009,73053
73024,73053
73064,73069
73064,73075
73069,73075
73069,73078
73075,73108
73078,73108
73078,76865
73108,73118
73108,73141
73118,73141
73118,73162
73141,73162
73141,83330
73162,73180
73180,73193
73180,73225
73193,73225
73193,73306
73225,73306
73225,73314
73225,96847
73306,73314
73306,77228
73314,73325
73314,73359
73325,73359
73325,73368
73359,73368
73359,73396
73368,73396
73368,73403
73396,73403
73396,73415
73403,73415
73403,73427
73415,73427
73415,73436
73427,73436
73427,73439
73436,73439
73436,73456
73439,73456
73439,84289
73456,73514
73488,73514
73488,73530
73514,73530
73514,73531
73530,73531
73531,73582
73531,73585
73582,73585
73582,73597
73585,73597
73585,73604
73597,73604
73597,73605
73604,73605
73604,73623
73605,73623
73605,73630
73623,73630
73623,73634
73630,73634
73630,73643
73634,73655
73634,79166
73643,73655
73643,73659
73655,73659
73655,73686
73659,73686
73659,73708
73686,73708
73686,73715
73708,73715
73708,73721
73715,73721
73715,73739
73721,73739
73721,73749
73739,73749
73739,73751
73749,73752
73749,82705
73751,73752
73751,73781
73752,73781
73781,73791
73787,73791
73787,73795
73791,73795
73791,73796
73795,73796
73795,76025
73796,73813
73812,73831
73813,73831
73831,73860
73831,73898
73860,73898
73860,73928
73898,73928
73898,73949
73928,73949
73928,73968
73949,73968
73949,73971
73968,73971
73968,73978
73971,73978
73971,73997
73978,73997
73978,73998
73997,73998
73997,74012
73998,74044
74012,74044
74012,74103
74044,74105
74103,74105
74103,74107
74105,74107
74105,74118
74107,74118
74107,74183
74118,74183
74118,74216
74183,74259
74183,96440
74216,74259
74216,74263
74259,74263
74259,74274
74263,74274
74263,74276
74274,74276
74274,91292
74276,74364
74276,74397
74364,74397
74364,74418
74397,74418
74397,74420
74418,74420
74418,74425
74420,74445
74425,74445
74425,74447
74445,74447
74445,74484
74447,74484
74447,74487
74484,74487
74484,74514
74487,74514
74487,74515
74514,74515
74514,74533
74515,74533
74515,74562
74533,74562
74533,74573
74562,74573
74562,74578
74573,74578
74573,74583
74578,74583
74578,74605
74583,74605
74583,74615
74605,74615
74605,74636
74615,74636
74615,74640
74636,74640
74636,74657
74640,74657
74640,74663
74657,74663
74657,74677
74663,74677
74663,74686
74663,95779
74677,74686
74686,74688
74686,74730
74688,74730
74730,74749
74730,74801
74749,74801
74749,74812
74801,74812
74801,74824
74812,74824
74812,74832
74824,74832
74832,74859
74832,74879
74859,74879
74859,74905
74879,74930
74905,74930
74905,74941
74930,74941
74930,74960
74941,74960
74941,74973
74960,74973
74960,75010
74973,75010
74973,75046
75010,75046
75010,75058
75046,75058
75046,75074
75058,75074
75058,75094
75074,75094
75074,75169
75094,75169
75094,75171
75169,75171
75169,75191
75171,75191
75171,75224
75191,75224
75191,75236
75224,75236
75236,75305
75236,75312
75305,75312
75305,75364
75312,75364
75312,75373
75364,75390
75373,75390
75373,75409
75390,75409
75390,75416
75409,75416
75409,75447
75416,75447
75416,75455
75447,75455
75447,75501
75455,75544
75501,75544
75501,82803
75544,75552
75544,75560
75552,75560
75560,75572
75560,75575
75572,75575
75572,75607
75575,75607
75575,75620
75607,75620
75620,75624
75620,75638
75624,75638
75624,75647
75638,75647
75638,75660
75647,75660
75647,75741
75660,75741
75660,75769
75741,75769
75741,75788
75769,75788
75769,75802
75788,75802
75788,75804
75802,75804
75802,75845
75804,75845
75845,75855
75855,75856
75855,75873
75856,75873
75856,75878
75873,75878
75873,75886
75878,75886
75886,75887
75886,75943
75887,75943
75887,75945
75943,75945
75943,75947
75945,75947
75945,75973
75947,75973
75947,75974
75973,75974
75973,76025
75974,76025
75974,76113
76025,76114
76113,76114
76113,76142
76113,93898
76114,76142
76114,76157
76142,76157
76142,76181
76157,76181
76157,76186
76181,76186
76181,76188
76186,76188
76186,76192
76188,76192
76188,76206
76192,76217
76192,78233
76206,76217
76206,76235
76217,76235
76217,76241
76235,76241
76235,76249
76241,76249
76241,76290
76249,76290
76249,76294
76290,76294
76290,76297
76294,76297
76294,76342
76297,76342
76297,76346
76342,76346
76342,89129
76346,76376
76346,93036
76370,76376
76370,76381
76376,76381
76376,76383
76376,93339
76381,76383
76381,76392
76383,76392
76383,76398
76392,76398
76392,76424
76398,76424
76398,76426
76424,76460
76424,96091
76426,76460
76426,76471
76460,76471
76460,76476
76471,76495
76471,89575
76476,76495
76476,76502
76495,76502
76495,76507
76502,76507
76502,76538
76502,78672
76507,76552
76538,76552
76538,76557
76538,92575
76552,76557
76552,76566
76557,76595
76566,76595
76566,76596
76595,76596
76595,76622
76596,76622
76596,76643
76622,76643
76622,76652
76643,76652
76643,77375
76652,76671
76652,76700
76671,76700
76671,76728
76700,76728
76700,76731
76728,76731
76728,76743
76731,76743
76731,76783
76743,76783
76743,76791
76783,76791
76783,76799
76791,76799
76791,76801
76799,76801
76799,76809
76801,76809
76801,76812
76809,76812
76809,76835
76812,76835
76812,76853
76835,76853
76835,76865
76853,76865
76853,76869
76865,76869
76865,76870
76869,76870
76869,76891
76869,96440
76870,76891
76870,76892
76891,76892
76892,76893
76892,76895
76893,76895
76893,76905
76893,90556
76895,76905
76895,76908
76905,76948
76905,93697
76908,76948
76908,76999
76908,79669
76948,76999
76948,77003
76999,77003
76999,77022
77003,77022
77003,77024
77022,77024
77022,77058
77024,77058
77058,77059
77058,77075
77059,77076
77059,85402
77075,77076
77075,77141
77076,77141
77076,77152
77141,77152
77141,77165
77152,77165
77152,77173
77165,77173
77165,77219
77173,77219
77173,77228
77219,77245
77219,78118
77228,77245
77228,77254
77245,77254
77245,77258
77254,77258
77254,77282
77258,77282
77258,77287
77282,77287
77282,77291
77287,77291
77287,77320
77291,77320
77291,77331
77320,77331
77320,77348
77331,77348
77331,77349
77348,77349
77348,77361
77349,77361
77361,77375
77361,77408
77375,77408
77375,77456
77408,77456
77408,77485
77456,77485
77456,77494
77485,77494
77485,77502
77494,77502
77494,77528
77502,77528
77502,77544
77528,77549
77544,77549
77544,77564
77549,77564
77549,77568
77564,77568
77564,77570
77568,77570
77568,99841
77570,77578
77570,77591
77578,77591
77578,77593
77591,77593
77591,77607
77593,77607
77593,77620
77607,77649
77620,77649
77620,77650
77649,77711
77650,77711
77650,77722
77711,77722
77711,77726
77722,77726
77722,77732
77726,77732
77726,92227
77732,77782
77760,77782
77782,77796
77794,77796
77794,77802
77796,77802
77796,77806
77802,77806
77802,77818
77806,77818
77806,77826
77818,77826
77818,77862
77826,77862
77826,77896
77862,77896
77896,77914
77896,77963
77914,77980
77963,77980
77963,78010
77980,78010
77980,78022
78010,78022
78010,86695
78022,78070
78070,78094
78070,78106
78094,78106
78094,78117
78106,78117
78117,78118
78117,78126
78118,78126
78118,78128
78126,78128
78126,93307
78128,78224
78128,86769
78144,78224
78224,78233
78224,78236
78233,78236
78233,78266
78236,78266
78236,78278
78266,78278
78266,78287
78278,78287
78287,78292
78287,78302
78292,78316
78302,78316
78302,78318
78316,78334
78318,78334
78318,78347
78334,78347
78334,78367
78347,78367
78347,78374
78367,78374
78367,78375
78374,78375
78374,78395
78375,78395
78375,78406
78395,78406
78395,78410
78406,78438
78406,99660
78410,78438
78410,78455
78438,78455
78438,78458
78455,78458
78455,78468
78458,78468
78458,78470
78468,78470
78468,78491
78470,78524
78470,98871
78491,78524
78491,78537
78524,78554
78537,78554
78537,78582
78554,78582
78554,78605
78582,78605
78582,78619
78605,78619
78605,78626
78619,78626
78619,78642
78626,78642
78626,78672
78626,98895
78642,78672
78642,78677
78672,78677
78677,78690
78680,78695
78680,94137
78690,78695
78690,78736
78695,78736
78695,78748
78736,78748
78736,78778
78748,78778
78748,78801
78778,78801
78778,78858
78801,78858
78801,78864
78858,78884
78864,78884
78864,78900
78884,78900
78884,78902
78900,78902
78900,78946
78902,78954
78946,78954
78946,78983
78954,78983
78954,78993
78983,78993
78983,78996
78993,78996
78993,79001
78996,79001
78996,82756
79001,79076
79001,79082
79076,79086
79082,79086
79082,79093
79086,79093
79086,79124
79093,79124
79124,79133
79124,91362
79133,79134
79133,79156
79134,79156
79134,79166
79156,79166
79156,79185
79166,79185
79166,79195
79185,79195
79185,79238
79195,79238
79195,79252
79238,79263
79252,79263
79263,79294
79263,79317
79294,79317
79294,79326
79317,79326
79317,79331
79326,79331
79326,79370
79331,79370
79331,79387
79370,79387
79370,79395
79387,79395
79387,79397
79397,79429
79400,79429
79400,79430
79429,79430
79429,79440
79430,79440
79430,79470
79440,79470
79440,79484
79470,79534
79484,79534
79484,79541
79534,79541
79534,79550
79541,79550
79541,79558
79550,79558
79550,79560
79558,79562
79558,85528
79560,79562
79560,79584
79562,79584
79562,79585
79584,79585
79584,79588
79585,79588
79585,79594
79588,97407
79594,79601
79594,79605
79601,79638
79601,88023
79605,79638
79605,79645
79638,79645
79638,79646
79645,79646
79646,79669
79646,88114
79661,79669
79661,79686
79661,93374
79669,79686
79686,79715
79686,79734
79715,79734
79715,79747
79734,79747
79734,79749
79747,79749
79747,79753
79749,79753
79749,79766
79753,79766
79753,79827
79766,79827
79766,79839
79827,79839
79827,79872
79839,79872
79839,79873
79872,79873
79872,79898
79872,96545
79873,79899
79898,79899
79898,79905
79899,79905
79899,79911
79905,79911
79905,79927
79911,79927
79911,79944
79927,79944
79927,79972
79944,79972
79944,79994
79972,79994
79994,80006
80006,80022
80006,80036
80022,80036
80022,80073
80036,80080
80036,98790
80073,80080
80073,80084
80080,80084
80080,80127
80127,80138
80127,80143
80138,80143
80138,80185
80143,80185
80143,80190
80185,80190
80185,80197
80190,80197
80190,80201
80197,80201
80197,80245
80201,80245
80245,80250
80245,80272
80250,80272
80250,80279
80272,80279
80272,80283
80279,80283
80283,80286
80283,80287
80286,80287
80286,80295
80287,80295
80287,80301
80295,80301
80295,80331
80301,80331
80301,80393
80331,80439
80393,80439
80393,80449
80439,80449
80439,80464
80449,80464
80449,80493
80464,80493
80464,80501
80493,80501
80493,80513
80501,80513
80501,80536
80513,80536
80513,80580
80536,80580
80536,80591
80580,80591
80580,80593
80591,80593
80591,80602
80593,80602
80593,80621
80602,80621
80602,80629
80621,80629
80621,80677
80629,80677
80629,80738
80677,80738
80738,80747
80738,80788
80747,80788
80747,80803
80788,80803
80788,80806
80803,80806
80803,80839
80806,80839
80806,80840
80839,80850
80840,80850
80840,80853
80850,80853
80850,80855
80853,80855
80853,80857
80855,80857
80855,80862
80857,80862
80857,80899
80862,80899
80862,80907
80899,80907
80899,80909
80907,80909
80907,80919
80909,80919
80909,80950
80919,80964
80950,80964
80950,80976
80964,80976
80964,80984
80976,80984
80976,81009
80976,81469
80984,81009
80984,81061
81009,81061
81009,81070
81061,81072
81070,81072
81072,81074
81072,81075
81074,81075
81074,81094
81075,81094
81075,81110
81094,81110
81094,81128
81110,81128
81110,81134
81128,81134
81128,96492
81134,81157
81134,81199
81157,81199
81157,81202
81199,81202
81199,81237
81202,81237
81202,81248
81237,81285
81248,81285
81248,81333
81285,81333
81285,81360
81333,81360
81333,81372
81360,81372
81360,81400
81372,81400
81372,81409
81400,81409
81400,81417
81409,81417
81409,81441
81417,81441
81417,81444
81441,81444
81441,81446
81444,81446
81444,81450
81446,81450
81446,81464
81450,81464
81450,81469
81464,81469
81464,81491
81491,81512
81491,81567
81512,81567
81512,81623
81567,81623
81567,81639
81623,81639
81623,81647
81639,81647
81639,81657
81647,81657
81647,81708
81657,81708
81657,81722
81708,81722
81708,81726
81722,81726
81726,81747
81747,81779
81747,81785
81779,81785
81779,81835
81785,81835
81785,81879
81835,81879
81835,81930
81879,81930
81930,81943
81930,81955
81943,81955
81943,81991
81955,81991
81955,87617
81991,82007
81991,82012
82007,82012
82007,82015
82012,82015
82012,82041
82015,82041
82015,82060
82041,82060
82041,82071
82060,82071
82060,82099
82071,82099
82071,82108
82099,82108
82108,82160
82159,82160
82160,82171
82160,82179
82171,82179
82179,82191
82179,82198
82191,82206
82198,82206
82198,82224
82206,82224
82206,82227
82224,82227
82224,82264
82227,82264
82227,82299
82264,82299
82264,82332
82299,82332
82299,82371
82332,82371
82332,82376
82371,82376
82371,82377
82371,98132
82376,82377
82376,82393
82377,82393
82377,82415
82393,82415
82393,82427
82415,82427
82415,82448
82427,82448
82427,82450
82448,82475
82450,82475
82450,82479
82475,82479
82475,82511
82479,82511
82511,82564
82511,82572
82564,82572
82564,87961
82572,82576
82572,82582
82576,82582
82576,82590
82582,82590
82582,82612
82590,82612
82590,82616
82612,82616
82612,82630
82616,82630
82616,82646
82630,82646
82630,82648
82646,82652
82648,82652
82648,82658
82652,82658
82652,82671
82658,82671
82658,82695
82671,82695
82695,82705
82695,82720
82705,82720
82705,82751
82720,82751
82720,82756
82751,82756
82751,82757
82756,90274
82756,89281
82757,82761
82757,82803
82761,82803
82761,82821
82803,82821
82803,82896
82821,82896
82821,82921
82896,82921
82896,82924
82921,82924
82921,82938
82924,82938
82924,82942
82938,82942
82938,82968
82968,82971
82968,82975
82971,82975
82971,82998
82975,82998
82975,83007
82998,83007
82998,83010
83007,83010
83007,83025
83010,83025
83010,83050
83025,83052
83050,83052
83050,83099
83052,83099
83052,83122
83099,83122
83099,83127
83122,83127
83122,83139
83127,83139
83139,83149
83139,83193
83149,83193
83149,83195
83149,98344
83193,83195
83193,83206
83195,83206
83195,83207
83206,83207
83206,83231
83207,83231
83207,83234
83231,83234
83231,83256
83234,83256
83234,83274
83256,83274
83256,83276
83274,83276
83274,83326
83276,83326
83276,83330
83326,83330
83326,83346
83330,83346
83346,95144
83350,83366
83366,83375
83366,83426
83375,83426
83375,83457
83426,83461
83457,83461
83457,83510
83461,83510
83461,83572
83510,83572
83510,83643
83572,83643
83572,83685
83643,83685
83643,83733
83685,83733
83685,83740
83733,83740
83733,83743
83740,83743
83740,83765
83743,83765
83743,83770
83765,83770
83765,83786
83770,83786
83770,83853
83786,83853
83786,83857
83853,83857
83853,83889
83857,83889
83857,83904
83889,83904
83889,83951
83904,83951
83904,83960
83951,83960
83951,83963
83960,83963
83960,83965
83963,83965
83963,83979
83965,83979
83965,83997
83979,83997
83979,84043
83997,84043
83997,84060
84043,84060
84043,84061
84060,84061
84060,84063
84061,84063
84061,84072
84063,84072
84063,84073
84063,89089
84072,84073
84072,84096
84073,84096
84073,84098
84096,84098
84096,84107
84098,84107
84098,84138
84098,95305
84107,84154
84107,91351
84107,94838
84138,84154
84138,84163
84154,84163
84154,84177
84163,84177
84163,84217
84177,84217
84177,84275
84177,91219
84217,84275
84217,84289
84275,84289
84275,84290
84289,84290
84289,84320
84290,84320
84290,84326
84320,84326
84320,84335
84326,84335
84326,84347
84335,84347
84335,84379
84347,84379
84379,84411
84379,84420
84411,84420
84411,84475
84411,93341
84420,84475
84420,84488
84475,84499
84488,84499
84488,84558
84499,84558
84499,84617
84499,95032
84558,84617
84558,84631
84617,84631
84617,84645
84631,84645
84631,84656
84645,84656
84656,84673
84656,84692
84673,84692
84673,84717
84692,84732
84717,84732
84717,84850
84732,84850
84732,84859
84850,84859
84850,84860
84859,84860
84859,84862
84860,84864
84862,84864
84862,84905
84864,84905
84864,85014
84905,85014
84905,85018
85014,85018
85014,85031
85018,85031
85018,85054
85031,85054
85031,85076
85054,85076
85054,85078
85076,85078
85076,85091
85078,85091
85078,85099
85091,85099
85091,85149
85099,85149
85099,85151
85149,85151
85151,85161
85161,85173
85161,85179
85173,85179
85173,85180
85179,85180
85179,85291
85180,85291
85180,85320
85291,85320
85291,85369
85320,85369
85320,85376
85369,85376
85369,85382
85376,85382
85376,85397
85382,85397
85382,85400
85397,85402
85400,85402
85400,85406
85402,85406
85402,85411
85406,85411
85406,85427
85411,85427
85411,85446
85427,85446
85446,85449
85446,85450
85449,85450
85449,85468
85449,87733
85450,85468
85450,85505
85468,85528
85505,85528
85505,85538
85528,85538
85528,85557
85538,85557
85538,85591
85557,87890
85591,85600
85591,85609
85600,85609
85600,85619
85609,85624
85619,85634
85624,85634
85624,85642
85634,85642
85634,85643
85642,85643
85642,85653
85643,85653
85643,85669
85653,85669
85653,85670
85669,85670
85669,85689
85670,85729
85670,90657
85689,85729
85689,85731
85729,85731
85729,85753
85731,85753
85731,85776
85753,85776
85753,85779
85776,85779
85776,85784
85779,85784
85779,85804
85784,85804
85784,85846
85804,85860
85846,85860
85846,85875
85860,85875
85860,85889
85875,85889
85875,85892
85889,85892
85889,85906
85892,85906
85892,85918
85906,85918
85906,85921
85918,85921
85918,85928
85921,85928
85928,85940
85928,85948
85940,85958
85940,87478
85948,86018
85958,86018
85958,86038
86018,86038
86018,86041
86038,86041
86038,86050
86041,86050
86041,86106
86050,86106
86050,86107
86106,86135
86107,86135
86107,86185
86135,86185
86185,86237
86185,86252
86237,86252
86252,86257
86252,86283
86257,86283
86257,86284
86283,86284
86283,86310
86284,86310
86284,86329
86310,86329
86310,86335
86329,86335
86335,86382
86356,86383
86382,86383
86382,86385
86383,86385
86383,86395
86385,86395
86385,86402
86395,86402
86395,86466
86402,86466
86402,86483
86466,86483
86466,86515
86483,86515
86483,86544
86515,86544
86515,86553
86544,86554
86553,86554
86553,86555
86554,86567
86555,86567
86567,86652
86567,86660
86652,86660
86652,86665
86660,86665
86660,86670
86665,86670
86665,86679
86670,86679
86670,86689
86679,86689
86679,86695
86689,86695
86689,86717
86695,86717
86695,86725
86717,86725
86717,86742
86725,86742
86725,86769
86742,86769
86742,86774
86769,86774
86769,86776
86774,86776
86774,86808
86776,86808
86776,86818
86808,86818
86808,86833
86818,86833
86818,86834
86833,86834
86833,86845
86834,86845
86834,86853
86845,86853
86845,86862
86853,86862
86853,86876
86862,86876
86862,86877
86862,92976
86876,86877
86877,86903
86877,86923
86903,86923
86903,86937
86923,86937
86923,86942
86937,86942
86937,86953
86942,86953
86953,86975
86953,86989
86975,86989
86975,87021
86989,87021
86989,87041
87021,87041
87021,87042
87041,87042
87041,87048
87042,87048
87042,87107
87048,87107
87048,87113
87107,87113
87107,87116
87113,87116
87113,87118
87116,87118
87118,87187
87118,87197
87187,87197
87187,87200
87197,87200
87197,87220
87200,87220
87200,87232
87220,87232
87220,87233
87232,87233
87232,87247
87233,87247
87233,87256
87247,87259
87256,87259
87256,87271
87259,87271
87259,87298
87271,87298
87271,87308
87298,87320
87308,87320
87308,87350
87320,87350
87320,87366
87350,87366
87350,87369
87366,87369
87366,87379
87369,87379
87369,87383
87379,87383
87383,87392
87383,87396
87392,87396
87392,87403
87396,87412
87403,87412
87412,87419
87419,87420
87419,87425
87420,87425
87420,87450
87425,87450
87425,87469
87450,87469
87450,87478
87469,87478
87469,87482
87478,87482
87478,87486
87482,87486
87482,87489
87486,87489
87486,87497
87489,87497
87489,87500
87497,87500
87497,87501
87500,87501
87500,87515
87501,87515
87501,87534
87515,87534
87515,87541
87534,87541
87534,87554
87541,87554
87541,87561
87554,87561
87554,87586
87554,93339
87561,87586
87561,87587
87586,87587
87586,87617
87587,87617
87587,87622
87617,87622
87617,87623
87622,87623
87622,87630
87623,87630
87623,87633
87630,87633
87630,87652
87633,87665
87652,87683
87665,87683
87665,87684
87683,87684
87683,87711
87684,87711
87684,87723
87711,87723
87711,87726
87723,87726
87723,87731
87726,87733
87726,94456
87731,87733
87731,87738
87733,87738
87738,87748
87738,87755
87748,87755
87748,87778
87755,87778
87755,87782
87778,87782
87778,87803
87782,87813
87803,87813
87803,87831
87813,87831
87813,87835
87831,87835
87831,87890
87835,87890
87835,87901
87890,87901
87890,87924
87901,87924
87901,87931
87924,87943
87931,87943
87931,87961
87943,87961
87943,87978
87961,87978
87961,87988
87961,97190
87978,88023
87988,88023
87988,88026
88023,88026
88023,88073
88026,88080
88073,88080
88073,88094
88080,88094
88080,88114
88094,88114
88094,88124
88114,88124
88114,88141
88124,88141
88124,88157
88141,88157
88141,88165
88157,88165
88157,88175
88165,88186
88175,88186
88175,88192
88186,88192
88186,88194
88192,88194
88192,88209
88192,98158
88194,88209
88194,88226
88209,88226
88209,88231
88226,88234
88231,88234
88231,88273
88234,88273
88234,88311
88273,88311
88273,88318
88311,88318
88311,88320
88318,88320
88318,88323
88320,88323
88320,88328
88323,88328
88323,88333
88328,88333
88328,88342
88333,88342
88333,88372
88342,88372
88342,88397
88372,88397
88372,88448
88397,88448
88397,88462
88448,88462
88448,88498
88462,88498
88462,88534
88498,88534
88498,88551
88534,88551
88534,88552
88551,88552
88551,88571
88552,88571
88552,88592
88571,88592
88571,88599
88592,88599
88599,88620
88599,88628
88620,88628
88620,88634
88628,88634
88628,88646
88634,88646
88634,88745
88646,88745
88646,88777
88745,88777
88745,88778
88777,88778
88777,88802
88778,88802
88778,88812
88802,88812
88802,88858
88812,88858
88812,88873
88858,88873
88858,88889
88873,88889
88873,88921
88889,88921
88889,88932
88921,88959
88932,88959
88932,88961
88959,88998
88961,88998
88998,89010
88998,89020
89010,89020
89010,89028
89020,89028
89020,89060
89028,89060
89028,89071
89060,89071
89060,89081
89071,89081
89071,89084
89081,89084
89081,89085
89084,89085
89084,89089
89085,89089
89085,89092
89089,96065
89092,89120
89092,89121
89120,89121
89120,89126
89121,89129
89121,92875
89126,89129
89126,89132
89132,89149
89132,89166
89149,89166
89149,89175
89166,89175
89166,89190
89175,89190
89175,89224
89190,89224
89190,89225
89224,89225
89224,89279
89225,89279
89225,89281
89279,89281
89279,89314
89281,89314
89281,89324
89281,89712
89314,89324
89314,89333
89324,89333
89333,89337
89333,89355
89337,89355
89337,89382
89355,89382
89382,89386
89382,89392
89386,89392
89386,89446
89392,89446
89446,89513
89462,89513
89462,89514
89513,89514
89513,89551
89514,89573
89551,89573
89551,89575
89573,89575
89573,89584
89575,89598
89584,89610
89598,89610
89610,89648
89610,89678
89648,89678
89648,89679
89678,89679
89678,89686
89679,89686
89679,98270
89686,89696
89686,89697
89696,89697
89696,89703
89696,92135
89697,89703
89697,89710
89703,89710
89703,89712
89710,89712
89710,89727
89712,89743
89727,89744
89743,89744
89743,89752
89744,89752
89744,89756
89752,89756
89752,89803
89756,89803
89756,89821
89803,89886
89821,89886
89821,90017
89886,90017
89886,90023
90017,90023
90017,90065
90023,90065
90065,90067
90065,90090
90067,90090
90067,90112
90090,90112
90090,90114
90112,90114
90112,90116
90112,99783
90114,90116
90114,90142
90116,90142
90116,90144
90142,90144
90142,90202
90144,90202
90144,90244
90202,90244
90202,90274
90244,90274
90244,90277
90274,90277
90274,90285
90277,90285
90277,90287
90285,90287
90285,90332
90287,90332
90287,90364
90332,90364
90332,90375
90364,90375
90364,90386
90375,90392
90375,99288
90386,90392
90386,90432
90392,90432
90392,90437
90432,90437
90432,90438
90437,90438
90437,90440
90438,90440
90438,90467
90440,90472
90467,90472
90467,90474
90472,90474
90472,90513
90474,90513
90474,90547
90513,90547
90513,90555
90547,90555
90547,90556
90555,90556
90555,90559
90556,90568
90559,90568
90559,90569
90568,90569
90568,90572
90569,90572
90569,90595
90572,90595
90572,90600
90595,90600
90595,90605
90600,90605
90600,90607
90605,90607
90605,90614
90607,90614
90607,90634
90614,90634
90614,90639
90634,90639
90634,90657
90639,90657
90639,90679
90657,90685
90679,90685
90679,90688
90685,90688
90685,90698
90688,90698
90688,90704
90698,90704
90698,90706
90704,90706
90704,90723
90706,90723
90706,90765
90723,90765
90765,90778
90765,90798
90778,90798
90778,90805
90798,90805
90798,90829
90805,90829
90805,90897
90829,90897
90829,90911
90897,90911
90897,90914
90911,90914
90911,90995
90914,90995
90914,91006
90995,91006
90995,91027
91006,91027
91006,91041
91027,91041
91027,91105
91041,91105
91041,91146
91105,91146
91105,91162
91105,99382
91146,91165
91162,91165
91162,91175
91165,91175
91165,91176
91175,91176
91175,91198
91176,91198
91176,91201
91198,91201
91198,91219
91201,91219
91201,91228
91219,91228
91228,91231
91228,91232
91231,91232
91231,91257
91232,91257
91232,91260
91257,91260
91257,91261
91260,91261
91260,91262
91261,91262
91261,91263
91262,91263
91262,91292
91263,91292
91292,91295
91292,91342
91295,91351
91342,91351
91342,91356
91351,91356
91351,91357
91356,91357
91356,91362
91357,91362
91357,91364
91362,91364
91362,91375
91364,91375
91364,91380
91375,91380
91375,91388
91380,91388
91380,91398
91388,91398
91388,91435
91398,91435
91398,91437
91435,91437
91435,91440
91437,91440
91437,91445
91440,91445
91440,91461
91445,91464
91461,91464
91461,91538
91464,91538
91464,91550
91538,91550
91538,91560
91550,91560
91550,91567
91560,91567
91567,91573
91567,91629
91573,91629
91573,91633
91629,91633
91629,91657
91633,91657
91633,91667
91657,91667
91657,91668
91667,91668
91667,91671
91668,91671
91668,91681
91671,91681
91671,91682
91681,91682
91681,91739
91682,91739
91682,91749
91739,91749
91739,91772
91749,91772
91749,91773
91772,91795
91773,91795
91795,91808
91808,91816
91808,91834
91816,91834
91816,91879
91834,91879
91834,91946
91879,91946
91879,91972
91946,91972
91946,91977
91972,91977
91972,91987
91977,91987
91977,92019
91987,92052
92019,92052
92019,92065
92052,92089
92065,92089
92065,92093
92089,92093
92089,92108
92093,92108
92093,92135
92108,92144
92144,92145
92144,92168
92145,92168
92145,92197
92168,92197
92168,92203
92197,92203
92197,92218
92203,92218
92203,92222
92218,92222
92218,92227
92222,92227
92222,92255
92227,92255
92227,92256
92255,92269
92256,92269
92269,92286
92269,95799
92275,92286
92275,92293
92286,92293
92286,92312
92293,92312
92293,92335
92312,92335
92312,92360
92335,92360
92335,92366
92360,92366
92360,92387
92366,92387
92387,92391
92387,92394
92391,92394
92391,92400
92394,92430
92400,92430
92400,92442
92430,92442
92442,92443
92443,92462
92443,92463
92462,92463
92462,92471
92463,92471
92463,92498
92471,92524
92498,92524
92498,92547
92524,92547
92524,92559
92547,92559
92547,92572
92559,92572
92559,92575
92572,92575
92575,92608
92600,92608
92600,92612
92608,92612
92608,92625
92612,92625
92612,92642
92625,92642
92625,92657
92642,92657
92642,92695
92642,99797
92657,92695
92695,92699
92695,92711
92699,92711
92699,92712
92711,92712
92711,92766
92712,92766
92712,92801
92766,92854
92766,99240
92801,92854
92801,92875
92854,92875
92854,92918
92875,92918
92918,92928
92924,92928
92924,92936
92928,92936
92928,92948
92936,92948
92936,92949
92948,92949
92948,92976
92949,92976
92949,92977
92977,92999
92977,93017
92999,93017
92999,93036
93017,93036
93017,93057
93036,93057
93036,93062
93057,93062
93062,93080
93062,93094
93080,93094
93080,93109
93094,93109
93094,93147
93109,93232
93147,93232
93147,93243
93232,93243
93232,93284
93243,93284
93243,93299
93284,93299
93284,93301
93299,93301
93299,93302
93301,93302
93301,93305
93302,93305
93302,93307
93305,93307
93305,93317
93307,93317
93307,93339
93317,93339
93341,93374
93374,93390
93390,93506
93390,93514
93506,93514
93506,93532
93514,93532
93514,93534
93532,93534
93532,93538
93534,93538
93534,93564
93538,93564
93538,93573
93564,93573
93564,93576
93573,93576
93573,93610
93576,93610
93576,93615
93610,93615
93610,93618
93615,93618
93615,93633
93618,93633
93618,93649
93633,93649
93633,93654
93649,93654
93649,93691
93654,93691
93654,93697
93691,93706
93691,95509
93697,93706
93706,93721
93706,93725
93721,93725
93721,93746
93725,93746
93725,93747
93746,93764
93747,93764
93747,93779
93764,93779
93764,93805
93779,93805
93779,93821
93805,93821
93805,93857
93821,93857
93821,93865
93857,93865
93857,93869
93865,93869
93865,93898
93869,93898
93869,93923
93898,93946
93923,93946
93923,93972
93946,93972
93946,93973
93972,93973
93972,93983
93973,93983
93973,94009
93983,94012
94009,94012
94009,94016
94012,94016
94016,94027
94016,94053
94027,94109
94053,94109
94053,94121
94109,94121
94109,94126
94121,94126
94121,94133
94126,94133
94126,94137
94133,94146
94137,94146
94137,94167
94146,94167
94146,94175
94167,94180
94175,94180
94175,94185
94180,94185
94180,94190
94185,94192
94190,94192
94190,94213
94192,94213
94192,94218
94213,94218
94213,94232
94218,94232
94218,94243
94232,94243
94243,94273
94243,94278
94273,94278
94273,94344
94278,94344
94278,94346
94344,94346
94344,94363
94346,94380
94363,94380
94363,94405
94380,94405
94380,94449
94405,94449
94405,94456
94449,94456
94449,94463
94456,94463
94463,94502
94463,94521
94502,94521
94502,94527
94521,94527
94521,94546
94527,94546
94527,94595
94546,94595
94546,94606
94595,94642
94606,94642
94606,94677
94642,94677
94642,94715
94677,94715
94677,94721
94715,94721
94715,94725
94721,94725
94721,94728
94725,94728
94725,94742
94728,94748
94742,94748
94742,94768
94748,94768
94768,94784
94768,94786
94784,94786
94784,94838
94786,94838
94786,94847
94838,94847
94847,94877
94877,94882
94877,94894
94882,94894
94882,94897
94894,94897
94894,94901
94897,94901
94897,94913
94901,94913
94901,94955
94913,94955
94913,94979
94955,94979
94979,95023
94979,95030
95023,95030
95023,95032
95030,95032
95030,95039
95032,95062
95039,95062
95039,95086
95062,95086
95062,95101
95086,95101
95086,96630
95101,95108
95108,95889
95132,95142
95132,95144
95142,95144
95142,95199
95144,95199
95144,95216
95199,95216
95199,95220
95216,95220
95216,95222
95220,95222
95220,95235
95222,95235
95222,95259
95235,95259
95235,95262
95259,95262
95259,95275
95262,95275
95275,95278
95275,95305
95278,95305
95278,95326
95305,95330
95326,95330
95326,95345
95330,95345
95330,95371
95345,95371
95345,95394
95371,95394
95371,95404
95394,95404
95394,95408
95404,95408
95404,95415
95408,95415
95408,95454
95415,95454
95415,95456
95454,95456
95454,95458
95456,95458
95458,95463
95458,95488
95458,97374
95463,95488
95463,95499
95488,95499
95488,95502
95499,95502
95499,95509
95502,95509
95502,95518
95509,95535
95518,95535
95518,95593
95535,95593
95535,95596
95593,95596
95593,95611
95596,95611
95596,95615
95611,95615
95611,95619
95615,95619
95615,95633
95619,95633
95619,95635
95633,95635
95633,95644
95635,95644
95635,95691
95644,95691
95644,95698
95691,95698
95691,95714
95698,95714
95698,95723
95714,95723
95714,95762
95723,95762
95723,95779
95762,95799
95779,95799
95799,95819
95811,95819
95819,95841
95819,95889
95841,95889
95841,95901
95889,95901
95889,95905
95901,95905
95901,95949
95905,95949
95905,95951
95949,95951
95949,95952
95951,95952
95951,95998
95952,96006
95998,96006
95998,96037
96037,96060
96037,96065
96060,96065
96060,96088
96065,96088
96065,96091
96088,96091
96088,96098
96091,96098
96091,96113
96098,96113
96098,96127
96113,96127
96113,96163
96127,96183
96163,96183
96163,96195
96183,96195
96183,96220
96195,96220
96220,96228
96220,96239
96228,96239
96228,96266
96239,96266
96239,96271
96266,96271
96266,96278
96271,96278
96271,96290
96278,96290
96278,96294
96290,96294
96290,96309
96294,96309
96294,96317
96309,96317
96309,96331
96317,96331
96317,96366
96331,96366
96331,96377
96366,96377
96366,96398
96377,96398
96377,96419
96398,96419
96398,96440
96419,96440
96419,96490
96440,96490
96490,96492
96490,96500
96492,96500
96492,96525
96500,96525
96500,96545
96525,96545
96525,96611
96545,96630
96611,96676
96630,96676
96630,96679
96676,96679
96676,96683
96679,96705
96683,96705
96683,96709
96705,96709
96705,96714
96709,96714
96709,96736
96714,96736
96714,96737
96736,96737
96736,96746
96737,96746
96737,96750
96746,96750
96746,96775
96750,96775
96750,96788
96775,96809
96788,96809
96788,96827
96809,96827
96809,96840
96827,96840
96827,96847
96840,96847
96840,96848
96848,96896
96861,96896
96861,96918
96896,96918
96896,96919
96918,96919
96918,96930
96919,96930
96919,96954
96930,96954
96930,96958
96954,96958
96954,96987
96958,96987
96958,96996
96987,96996
96987,97027
96996,97027
96996,97065
97027,97065
97027,97067
97065,97067
97065,97090
97067,97090
97067,97124
97090,97124
97090,97152
97124,97152
97124,97182
97152,97190
97182,97190
97182,97195
97190,97195
97195,97198
97195,97204
97198,97204
97198,97220
97204,97220
97204,97273
97220,97273
97220,97278
97273,97278
97273,97292
97278,97292
97278,97294
97292,97294
97292,97343
97294,97343
97294,97344
97343,97344
97343,97354
97344,97354
97344,97374
97354,97374
97354,97376
97374,97376
97376,97396
97396,97407
97396,97412
97407,97412
97407,97420
97412,97420
97412,97462
97420,97462
97420,97479
97462,97479
97462,97509
97479,97509
97479,97522
97509,97522
97509,97535
97522,97535
97522,97550
97535,97550
97535,97557
97550,97557
97550,97620
97557,97620
97557,97649
97620,97649
97620,97665
97649,97665
97649,97680
97665,97680
97665,97690
97680,97690
97680,97707
97690,97707
97690,97709
97707,97709
97707,97710
97709,97710
97709,97721
97710,97721
97710,97782
97721,97782
97721,97783
97782,97783
97782,97792
97783,97792
97783,97826
97792,97826
97792,97852
97826,97852
97826,97854
97852,97854
97852,97890
97854,97890
97890,97895
97890,97903
97895,97903
97895,97913
97903,97913
97903,97925
97913,97925
97913,97946
97925,97946
97925,97987
97946,98010
97987,98010
97987,98031
98010,98031
98010,98035
98031,98035
98031,98077
98035,98077
98035,98079
98077,98079
98077,98083
98079,98083
98079,98114
98083,98114
98083,98121
98114,98121
98114,98132
98121,98132
98121,98144
98132,98158
98144,98158
98144,98183
98158,98207
98183,98207
98183,98243
98207,98243
98207,98257
98243,98257
98243,98269
98257,98269
98257,98270
98269,98270
98269,98290
98270,98290
98270,98311
98290,98311
98290,98328
98311,98328
98311,98334
98328,98334
98328,98336
98334,98336
98334,98344
98336,98344
98336,98359
98344,98368
98359,98368
98359,98373
98368,98373
98368,98389
98373,98389
98373,98390
98389,98390
98389,98401
98390,98401
98390,98439
98401,98439
98401,98445
98439,98445
98439,98456
98445,98456
98445,98500
98456,98500
98456,98503
98500,98503
98500,98535
98503,98535
98503,98538
98535,98538
98535,98540
98538,98540
98538,98568
98540,98568
98540,98575
98568,98575
98568,98602
98575,98602
98575,98632
98602,98632
98602,98651
98632,98651
98632,98654
98651,98654
98651,98670
98654,98670
98654,98692
98670,98692
98670,98698
98692,98698
98692,98704
98692,98992
98698,98704
98698,98705
98704,98705
98704,98708
98705,98708
98705,98718
98708,98718
98708,98731
98718,98731
98718,98741
98731,98741
98731,98745
98741,98745
98745,98766
98745,98785
98766,98785
98766,98786
98785,98786
98785,98790
98786,98790
98786,98833
98833,98845
98833,98848
98845,98848
98848,98858
98848,98871
98858,98871
98858,98895
98871,98895
98871,98897
98895,98897
98897,98957
98914,98957
98914,98970
98957,98970
98970,98985
98970,98992
98985,98992
98985,99021
99021,99049
99021,99081
99049,99081
99081,99091
99085,99091
99085,99102
99091,99102
99102,99118
99102,99227
99118,99227
99118,99233
99227,99240
99233,99240
99233,99288
99240,99288
99240,99314
99288,99314
99288,99316
99314,99316
99314,99320
99316,99320
99316,99341
99320,99341
99320,99353
99341,99353
99341,99382
99353,99382
99353,99394
99382,99397
99394,99397
99394,99399
99397,99437
99399,99437
99399,99438
99437,99438
99437,99457
99438,99457
99438,99474
99457,99474
99457,99503
99474,99503
99503,99519
99503,99531
99519,99531
99519,99559
99531,99559
99531,99561
99559,99561
99559,99565
99561,99565
99561,99582
99565,99582
99565,99589
99582,99589
99582,99624
99589,99624
99589,99625
99624,99625
99624,99637
99625,99637
99625,99660
99637,99660
99660,99672
99660,99678
99672,99678
99678,99747
99678,99751
99747,99751
99747,99763
99751,99763
99751,99783
99763,99783
99763,99794
99783,99795
99794,99795
99794,99797
99795,99797
99797,99799
99799,99839
99799,99841
99839,99841
99841,99856
99856,99888
99856,99895
99888,99895
99888,99932
99895,99932
99895,99960
99932,99960
99932,99963
99960,99963
99960,99977
99963,99977
99963,99982
99977,99982
99977,99983
99982,99983
99982,99995
99983,99995
